47
54
59
51
28
40
17
89
57
29
40
77
52
18
10
61
1
20
74
80
96
98
34
9
96
66
100
16
65
99
74
97
86
88
13
13
46
78
31
86
74
72
31
50
40
81
43
9
23
85
82
39
15
46
1
26
9
24
92
34
36
42
97
68
87
99
76
2
80
73
45
82
46
0
33
50
40
73
91
51
16
7
63
75
38
82
56
30
25
72
25
78
19
5
82
39
24
61
99
99
94
100
74
3
82
45
26
36
55
21
100
16
90
10
76
35
89
82
15
95
26
20
21
36
89
32
0
79
60
43
90
1
78
89
10
82
93
42
29
98
87
51
38
11
58
5
25
98
19
89
4
28
39
28
16
71
43
12
30
80
59
3
60
51
57
8
39
59
91
85
50
40
88
39
21
85
52
10
52
83
19
27
25
31
51
1
60
87
76
58
86
82
90
60
2
6
14
30
37
72
82
34
25
25
79
92
61
32
20
20
87
27
91
37
30
18
8
36
14
49
92
9
56
40
67
55
67
26
27
3
76
92
27
24
0
34
49
70
100
0
0
3
88
27
13
26
50
7
92
34
57
93
20
31
41
10
21
0
62
85
38
50
57
1
52
23
85
44
25
29
18
92
3
94
82
79
9
28
63
28
40
76
36
42
30
91
59
20
17
33
21
72
31
59
24
48
67
33
8
83
