-3043323815.8360753
-3043323884.390643
-3043323943.9081483
-3043323996.9117303
-3043324044.97158
-3043324089.11674
-3043324130.080724
-3043324168.4015517
-3043324204.4862137
-3043324238.6478877
-3043324271.1403685
-3043324302.1670218
-3043324331.895973
-3043324360.4643254
-3043324387.9927397
-3043324414.57338
-3043324440.299016
-3043324465.2388577
-3043324489.4610934
-3043324513.0209093
-3043324535.967819
-3043324558.344937
-3043324580.1957483
-3043324601.552891
-3043324622.4488554
-3043324642.912283
-3043324662.9689407
-3043324682.6431217
-3043324701.956423
-3043324720.928793
-3043324739.5787044
-3043324757.9230556
-3043324775.9756985
-3043324793.753438
-3043324811.2669554
-3043324828.5308275
-3043324845.5559764
-3043324862.3529563
-3043324878.9306555
-3043324895.300517
-3043324911.4690256
-3043324927.4459066
-3043324943.238906
-3043324958.853786
-3043324974.29931
-3043324989.5810018
-3043325004.704636
-3043325019.6766167
-3043325034.502395
-3043325049.18695
-3043325063.7346673
-3043325078.151086
-3043325092.439861
-3043325106.6050363
-3043325120.6517763
-3043325134.5842133
-3043325148.4047966
-3043325162.117521
-3043325175.726003
-3043325189.2327523
-3043325202.6410713
-3043325215.953974
-3043325229.174388
-3043325242.3044376
-3043325255.347126
-3043325268.30476
-3043325281.180691
-3043325293.9762006
-3043325306.694227
-3043325319.3360353
-3043325331.904152
-3043325344.400371
-3043325356.8272705
-3043325369.185856
-3043325381.4779024
-3043325393.7048626
-3043325405.8694
-3043325417.9729137
-3043325430.0165086
-3043325442.0027742
-3043325453.9317493
-3043325465.8057795
-3043325477.624742
-3043325489.3908443
-3043325501.104982
-3043325512.768862
-3043325524.384659
-3043325535.952512
-3043325547.473138
-3043325558.9482474
-3043325570.3782625
-3043325581.7650757
-3043325593.1094546
-3043325604.412071
-3043325615.6737356
-3043325626.896225
-3043325638.0798583
-3043325649.224861
-3043325660.333016
-3043325671.406331
-3043325682.4430275
-3043325693.4450846
-3043325704.413382
-3043325715.3482246
-3043325726.250064
-3043325737.1207004
-3043325747.9605064
-3043325758.769419
-3043325769.5491667
-3043325780.3000507
-3043325791.022888
-3043325801.7169924
-3043325812.383904
-3043325823.0250773
-3043325833.640171
-3043325844.229942
-3043325854.7943454
-3043325865.334736
-3043325875.851601
-3043325886.344774
-3043325896.8151894
-3043325907.263549
-3043325917.6896825
-3043325928.094205
-3043325938.4785323
-3043325948.842828
-3043325959.1860104
-3043325969.5098486
-3043325979.815317
-3043325990.101256
-3043326000.3695483
-3043326010.620051
-3043326020.853753
-3043326031.0700655
-3043326041.269736
-3043326051.4529757
-3043326061.620759
-3043326071.773096
-3043326081.910475
-3043326092.032841
-3043326102.139974
-3043326112.233627
-3043326122.313138
-3043326132.3793564
-3043326142.432559
-3043326152.472873
-3043326162.500768
-3043326172.5167675
-3043326182.5204773
-3043326192.51282
-3043326202.4934855
-3043326212.463448
-3043326222.422915
-3043326232.371046
-3043326242.3097296
-3043326252.238583
-3043326262.1578035
-3043326272.0681133
-3043326281.9687943
-3043326291.8602734
-3043326301.7439613
-3043326311.61884
-3043326321.4858785
-3043326331.344704
-3043326341.196617
-3043326351.0408587
-3043326360.877273
-3043326370.7072163
-3043326380.530167
-3043326390.3471837
-3043326400.15788
-3043326409.962284
-3043326419.760606
-3043326429.5537724
-3043326439.341299
-3043326449.1235933
-3043326458.900587
-3043326468.6733327
-3043326478.4414215
-3043326488.2048655
-3043326497.964465
-3043326507.719715
-3043326517.4711237
-3043326527.218784
-3043326536.9638305
-3043326546.705478
-3043326556.4441786
-3043326566.179111
-3043326575.9113636
-3043326585.6410704
-3043326595.36835
-3043326605.0945625
-3043326614.8178287
-3043326624.539091
-3043326634.258956
-3043326643.977228
-3043326653.694536
-3043326663.41006
-3043326673.1249137
-3043326682.838627
-3043326692.5515604
-3043326702.2643223
-3043326711.975779
-3043326721.687465
-3043326731.3990307
-3043326741.110332
-3043326750.8220863
-3043326760.534152
-3043326770.2468605
-3043326779.9601736
-3043326789.67404
-3043326799.3886194
-3043326809.1039486
-3043326818.8207703
-3043326828.538958
-3043326838.258344
-3043326847.979437
-3043326857.70245
-3043326867.427034
-3043326877.153896
-3043326886.882701
-3043326896.613546
-3043326906.3472943
-3043326916.083211
-3043326925.821416
-3043326935.5625324
-3043326945.3067455
-3043326955.0540724
-3043326964.8042774
-3043326974.557856
-3043326984.3148203
-3043326994.074912
-3043327003.8383904
-3043327013.605752
-3043327023.3769526
-3043327033.1521463
-3043327042.9311843
-3043327052.7147193
-3043327062.5026436
-3043327072.294568
-3043327082.0911303
-3043327091.892605
-3043327101.6985245
-3043327111.509529
-3043327121.3255587
-3043327131.146243
-3043327140.972129
-3043327150.803701
-3043327160.6406245
-3043327170.4832745
-3043327180.331189
-3043327190.1847167
-3043327200.0445957
-3043327209.9097533
-3043327219.781477
-3043327229.6589365
-3043327239.5429983
-3043327249.4335556
-3043327259.3301477
-3043327269.233465
-3043327279.143456
-3043327289.060217
-3043327298.984006
-3043327308.9143224
-3043327318.8520594
-3043327328.7967424
-3043327338.7485695
-3043327348.7080197
-3043327358.6749535
-3043327368.6495676
-3043327378.6317196
-3043327388.621317
-3043327398.6189394
-3043327408.624567
-3043327418.6380897
-3043327428.6595984
-3043327438.689792
-3043327448.72803
-3043327458.774786
-3043327468.829824
-3043327478.89361
-3043327488.9658933
-3043327499.0471935
-3043327509.137281
-3043327519.2364693
-3043327529.3450365
-3043327539.462593
-3043327549.589325
-3043327559.7253556
-3043327569.871017
-3043327580.025977
-3043327590.1906147
-3043327600.3648753
-3043327610.5490093
-3043327620.7430797
-3043327630.947117
-3043327641.161162
-3043327651.385486
-3043327661.6201673
-3043327671.8649025
-3043327682.120515
-3043327692.386171
-3043327702.662695
-3043327712.949585
-3043327723.247343
-3043327733.556196
-3043327743.876004
-3043327754.206793
-3043327764.548834
-3043327774.901637
-3043327785.2660923
-3043327795.641854
-3043327806.0291266
-3043327816.4280806
-3043327826.8388057
-3043327837.2609777
-3043327847.6950464
-3043327858.1412535
-3043327868.599256
-3043327879.0694165
-3043327889.5518594
-3043327900.046315
-3043327910.5532646
-3043327921.072633
-3043327931.60453
-3043327942.1489115
-3043327952.705779
-3043327963.2754908
-3043327973.8579135
-3043327984.4537954
-3043327995.062498
-3043328005.6841063
-3043328016.319291
-3043328026.9674926
-3043328037.6289053
-3043328048.3037896
-3043328058.9924097
-3043328069.694619
-3043328080.410474
-3043328091.1402617
-3043328101.8841124
-3043328112.641731
-3043328123.413411
-3043328134.1993923
-3043328144.999144
-3043328155.813248
-3043328166.6417527
-3043328177.48497
-3043328188.3428197
-3043328199.2151566
-3043328210.102291
-3043328221.0043397
-3043328231.9212017
-3043328242.8528485
-3043328253.7995977
-3043328264.7616816
-3043328275.738965
-3043328286.731595
-3043328297.7392645
-3043328308.7623477
-3043328319.8014717
-3043328330.8560834
-3043328341.926268
-3043328353.0122128
-3043328364.114169
-3043328375.231991
-3043328386.3659124
-3043328397.5163255
-3043328408.6826525
-3043328419.865244
-3043328431.0644526
-3043328442.280139
-3043328453.5125732
-3043328464.7615337
-3043328476.027472
-3043328487.309927
-3043328498.6092987
-3043328509.9257
-3043328521.259345
-3043328532.6098776
-3043328543.9777317
-3043328555.3631325
-3043328566.7659388
-3043328578.186249
-3043328589.624217
-3043328601.0798473
-3043328612.5530343
-3043328624.044226
-3043328635.5535045
-3043328647.080764
-3043328658.6263742
-3043328670.19003
-3043328681.7719955
-3043328693.372247
-3043328704.9909773
-3043328716.628381
-3043328728.284467
-3043328739.959339
-3043328751.6527624
-3043328763.365363
-3043328775.096987
-3043328786.847414
-3043328798.6173325
-3043328810.4061694
-3043328822.2145615
-3043328834.0425024
-3043328845.8899636
-3043328857.756981
-3043328869.643674
-3043328881.5503035
-3043328893.4768114
-3043328905.4232316
-3043328917.389763
-3043328929.3764553
-3043328941.383219
-3043328953.4104533
-3043328965.458212
-3043328977.526471
-3043328989.6151643
-3043329001.724703
-3043329013.8549137
-3043329026.006048
-3043329038.1785235
-3043329050.3718524
-3043329062.586105
-3043329074.8218327
-3043329087.079086
-3043329099.357441
-3043329111.6575384
-3043329123.9792314
-3043329136.3225617
-3043329148.6876583
-3043329161.074808
-3043329173.4840627
-3043329185.9153466
-3043329198.3686275
-3043329210.844309
-3043329223.3423004
-3043329235.8625717
-3043329248.4055448
-3043329260.97127
-3043329273.5598164
-3043329286.171055
-3043329298.8052793
-3043329311.46268
-3043329324.1433067
-3043329336.8468695
-3043329349.5739527
-3043329362.324303
-3043329375.0983744
-3043329387.895978
-3043329400.7173676
-3043329413.562653
-3043329426.431969
-3043329439.3250713
-3043329452.2423763
-3043329465.1837616
-3043329478.1496577
-3043329491.139986
-3043329504.154545
-3043329517.193985
-3043329530.258317
-3043329543.347226
-3043329556.460831
-3043329569.5997815
-3043329582.763689
-3043329595.9528103
-3043329609.1672554
-3043329622.407248
-3043329635.672794
-3043329648.9638104
-3043329662.2807856
-3043329675.623518
-3043329688.9920216
-3043329702.386589
-3043329715.8073854
-3043329729.2544293
-3043329742.728057
-3043329756.2279053
-3043329769.7543945
-3043329783.3074636
-3043329796.8874364
-3043329810.4943113
-3043329824.1281996
-3043329837.7893662
-3043329851.477529
-3043329865.192855
-3043329878.9359617
-3043329892.706509
-3043329906.5044336
-3043329920.3303604
-3043329934.1839604
-3043329948.0655766
-3043329961.9752617
-3043329975.913191
-3043329989.879673
-3043330003.8744354
-3043330017.8976507
-3043330031.9493055
-3043330046.029911
-3043330060.139325
-3043330074.2778015
-3043330088.4452915
-3043330102.6420927
-3043330116.867917
-3043330131.1233687
-3043330145.408393
-3043330159.722966
-3043330174.0675797
-3043330188.4420714
-3043330202.8464003
-3043330217.280804
-3043330231.7455635
-3043330246.2407136
-3043330260.766501
-3043330275.3226843
-3043330289.909572
-3043330304.5271745
-3043330319.1759787
-3043330333.855708
-3043330348.566504
-3043330363.3086605
-3043330378.082192
-3043330392.887479
-3043330407.7245064
-3043330422.5932007
-3043330437.49382
-3043330452.4264345
-3043330467.3912687
-3043330482.3882923
-3043330497.417913
-3043330512.4800434
-3043330527.5750017
-3043330542.702752
-3043330557.863178
-3043330573.056885
-3043330588.2834105
-3043330603.543273
-3043330618.836697
-3043330634.163711
-3043330649.524422
-3043330664.9188385
-3043330680.3472166
-3043330695.8097315
-3043330711.306422
-3043330726.8375754
-3043330742.4033446
-3043330758.0034804
-3043330773.6382008
-3043330789.3077216
-3043330805.0125017
-3043330820.752516
-3043330836.527707
-3043330852.338258
-3043330868.184302
-3043330884.0660934
-3043330899.983562
-3043330915.9369383
-3043330931.9266515
-3043330947.952611
-3043330964.0148287
-3043330980.113488
-3043330996.2487593
-3043331012.420826
-3043331028.629818
-3043331044.87605
-3043331061.159251
-3043331077.479947
-3043331093.838146
-3043331110.234032
-3043331126.667593
-3043331143.1391845
-3043331159.6486187
-3043331176.196318
-3043331192.7825594
-3043331209.407164
-3043331226.070453
-3043331242.772449
-3043331259.5134325
-3043331276.2935867
-3043331293.1128263
-3043331309.9715877
-3043331326.8698196
-3043331343.807891
-3043331360.7856336
-3043331377.8035154
-3043331394.861421
-3043331411.9596586
-3043331429.098271
-3043331446.277343
-3043331463.4973965
-3043331480.7585454
-3043331498.0606184
-3043331515.4040556
-3043331532.788972
-3043331550.215372
-3043331567.683422
-3043331585.1931896
-3043331602.745226
-3043331620.3394794
-3043331637.976019
-3043331655.6549177
-3043331673.376817
-3043331691.1412716
-3043331708.9488697
-3043331726.7997236
-3043331744.6937966
-3043331762.631407
-3043331780.612715
-3043331798.6378555
-3043331816.7069597
-3043331834.820323
-3043331852.9781857
-3043331871.1805096
-3043331889.4275274
-3043331907.719162
-3043331926.0560384
-3043331944.437831
-3043331962.865345
-3043331981.338442
-3043331999.8572445
-3043332018.421873
-3043332037.032645
-3043332055.6897097
-3043332074.3933334
-3043332093.14342
-3043332111.940366
-3043332130.784241
-3043332149.675233
-3043332168.613741
-3043332187.5996995
-3043332206.633365
-3043332225.714933
-3043332244.8444967
-3043332264.0225306
-3043332283.2488027
-3043332302.5237117
-3043332321.8475432
-3043332341.220413
-3043332360.6426964
-3043332380.1141605
-3043332399.635171
-3043332419.206049
-3043332438.826995
-3043332458.4980774
-3043332478.2194366
-3043332497.9914427
-3043332517.814023
-3043332537.6875086
-3043332557.6123276
-3043332577.588625
-3043332597.6165
-3043332617.6958523
-3043332637.827425
-3043332658.0111713
-3043332678.2472095
-3043332698.5356717
-3043332718.877061
-3043332739.2716455
-3043332759.7192793
-3043332780.220109
-3043332800.774725
-3043332821.3831005
-3043332842.045363
-3043332862.762244
-3043332883.533412
-3043332904.359477
-3043332925.240047
-3043332946.1757126
-3043332967.166839
-3043332988.213501
-3043333009.3160634
-3043333030.4744864
-3043333051.688794
-3043333072.959878
-3043333094.287607
-3043333115.6719356
-3043333137.113493
-3043333158.612341
-3043333180.1685305
-3043333201.7826357
-3043333223.4548078
-3043333245.185087
-3043333266.9742155
-3043333288.821803
-3043333310.7282333
-3043333332.6938095
-3043333354.7185535
-3043333376.803157
-3043333398.9475183
-3043333421.152053
-3043333443.416731
-3043333465.74226
-3043333488.1284037
-3043333510.575681
-3043333533.0843153
-3043333555.6545014
-3043333578.286394
-3043333600.980606
-3043333623.7368364
-3043333646.5554914
-3043333669.436961
-3043333692.3814783
-3043333715.3893766
-3043333738.4608054
-3043333761.596035
-3043333784.7952547
-3043333808.0589705
-3043333831.3870807
-3043333854.779885
-3043333878.237963
-3043333901.7611895
-3043333925.3502493
-3043333949.00513
-3043333972.726074
-3043333996.513654
-3043334020.3677177
-3043334044.288802
-3043334068.27705
-3043334092.3328247
-3043334116.4564066
-3043334140.6479354
-3043334164.9077234
-3043334189.236065
-3043334213.633381
-3043334238.0996513
-3043334262.6355076
-3043334287.2408934
-3043334311.9165516
-3043334336.6624374
-3043334361.478998
-3043334386.366087
-3043334411.324538
-3043334436.354318
-3043334461.455923
-3043334486.6295652
-3043334511.875647
-3043334537.194017
-3043334562.5856204
-3043334588.050383
-3043334613.5886464
-3043334639.2007656
-3043334664.887043
-3043334690.6477222
-3043334716.4828897
-3043334742.393216
-3043334768.378791
-3043334794.4399147
-3043334820.577099
-3043334846.79066
-3043334873.0807357
-3043334899.4478974
-3043334925.892169
-3043334952.414098
-3043334979.013852
-3043335005.691836
-3043335032.4482074
-3043335059.2834654
-3043335086.1979976
-3043335113.1919355
-3043335140.2656984
-3043335167.4196463
-3043335194.654249
-3043335221.969555
-3043335249.3662167
-3043335276.8443394
-3043335304.4043694
-3043335332.046629
-3043335359.7713304
-3043335387.579096
-3043335415.470008
-3043335443.444443
-3043335471.5029335
-3043335499.645727
-3043335527.8730392
-3043335556.1855497
-3043335584.583418
-3043335613.0668697
-3043335641.636422
-3043335670.2925754
-3043335699.0355406
-3043335727.865591
-3043335756.7831144
-3043335785.78852
-3043335814.8823233
-3043335844.064986
-3043335873.3366013
-3043335902.6977925
-3043335932.1487947
-3043335961.68976
-3043335991.32166
-3043336021.044279
-3043336050.8581934
-3043336080.763957
-3043336110.762008
-3043336140.8525324
-3043336171.036002
-3043336201.3127728
-3043336231.6833715
-3043336262.1482306
-3043336292.707528
-3043336323.3618016
-3043336354.1115413
-3043336384.9569206
-3043336415.8985305
-3043336446.9368124
-3043336478.072029
-3043336509.3047705
-3043336540.635519
-3043336572.0644674
-3043336603.5920796
-3043336635.2188168
-3043336666.945282
-3043336698.771706
-3043336730.6986485
-3043336762.7265472
-3043336794.855771
-3043336827.0868053
-3043336859.419994
-3043336891.8560133
-3043336924.395175
-3043336957.0377817
-3043336989.7844496
-3043337022.635503
-3043337055.5915136
-3043337088.652928
-3043337121.8204856
-3043337155.094134
-3043337188.474766
-3043337221.9625883
-3043337255.5582094
-3043337289.2620087
-3043337323.074663
-3043337356.996436
-3043337391.0279655
-3043337425.1695466
-3043337459.4216423
-3043337493.7850065
-3043337528.2600355
-3043337562.847292
-3043337597.547268
-3043337632.360384
-3043337667.2871037
-3043337702.3279095
-3043337737.4835305
-3043337772.75432
-3043337808.141035
-3043337843.6438913
-3043337879.26333
-3043337915.0002565
-3043337950.854926
-3043337986.8280153
-3043338022.91984
-3043338059.1311502
-3043338095.462351
-3043338131.9140563
-3043338168.4868245
-3043338205.181452
-3043338241.998032
-3043338278.937277
-3043338315.9999676
-3043338353.186445
-3043338390.4973183
-3043338427.933078
-3043338465.494439
-3043338503.181827
-3043338540.995842
-3043338578.9371624
-3043338617.006279
-3043338655.204048
-3043338693.530652
-3043338731.9869566
-3043338770.573256
-3043338809.290533
-3043338848.1392946
-3043338887.120154
-3043338926.2334986
-3043338965.480093
-3043339004.8606997
-3043339044.375704
-3043339084.0257707
-3043339123.811817
-3043339163.7341967
-3043339203.793376
-3043339243.9903345
-3043339284.3256655
-3043339324.799908
-3043339365.4137764
-3043339406.168044
-3043339447.06306
-3043339488.0996265
-3043339529.278344
-3043339570.5999403
-3043339612.065256
-3043339653.6748295
-3043339695.4291778
-3043339737.329335
-3043339779.3756094
-3043339821.5689735
-3043339863.909928
-3043339906.399287
-3043339949.03785
-3043339991.826105
-3043340034.7649345
-3043340077.855113
-3043340121.0970345
-3043340164.491926
-3043340208.040019
-3043340251.742281
-3043340295.5995693
-3043340339.612402
-3043340383.7816124
-3043340428.107849
-3043340472.5920916
-3043340517.234939
-3043340562.0372143
-3043340606.999588
-3043340652.122875
-3043340697.408
-3043340742.8556232
-3043340788.466626
-3043340834.2417345
-3043340880.1816645
-3043340926.2870455
-3043340972.5591917
-3043341018.998578
-3043341065.6060686
-3043341112.3824916
-3043341159.3287234
-3043341206.445487
-3043341253.733771
-3043341301.194311
-3043341348.8278923
-3043341396.6355457
-3043341444.6180344
-3043341492.776095
-3043341541.1108017
-3043341589.622969
-3043341638.3134394
-3043341687.183257
-3043341736.2330017
-3043341785.4636226
-3043341834.876159
-3043341884.4714565
-3043341934.250323
-3043341984.2138553
-3043342034.3629537
-3043342084.6984377
-3043342135.2214737
-3043342185.9327483
-3043342236.8332453
-3043342287.923893
-3043342339.2056866
-3043342390.679817
-3043342442.3468504
-3043342494.208116
-3043342546.26431
-3043342598.5165076
-3043342650.965792
-3043342703.6130714
-3043342756.4595327
-3043342809.5058517
-3043342862.7534504
-3043342916.2028246
-3043342969.8553085
-3043343023.712072
-3043343077.774084
-3043343132.0421066
-3043343186.51744
-3043343241.2011347
-3043343296.0940804
-3043343351.1975527
-3043343406.5127487
-3043343462.0406046
-3043343517.7822185
-3043343573.7386527
-3043343629.9111695
-3043343686.3006763
-3043343742.908367
-3043343799.7352886
-3043343856.782938
-3043343914.0520954
-3043343971.5440454
-3043344029.260026
-3043344087.2011027
-3043344145.368309
-3043344203.763115
-3043344262.3865714
-3043344321.239787
-3043344380.3241053
-3043344439.6406355
-3043344499.190838
-3043344558.9756594
-3043344618.996482
-3043344679.2544975
-3043344739.751107
-3043344800.487298
-3043344861.464595
-3043344922.6841583
-3043344984.147146
-3043345045.8549833
-3043345107.808996
-3043345170.010597
-3043345232.4609365
-3043345295.161476
-3043345358.113533
-3043345421.3182096
-3043345484.7770634
-3043345548.49156
-3043345612.462989
-3043345676.6927567
-3043345741.1822195
-3043345805.932699
-3043345870.945772
-3043345936.2226934
-3043346001.765027
-3043346067.57411
-3043346133.65151
-3043346199.998567
-3043346266.6166596
-3043346333.5077324
-3043346400.672734
-3043346468.113531
-3043346535.831354
-3043346603.827746
-3043346672.1043506
-3043346740.662841
-3043346809.504547
-3043346878.6311846
-3043346948.0442476
-3043347017.745322
-3043347087.735962
-3043347158.0178614
-3043347228.59256
-3043347299.4617205
-3043347370.6269283
-3043347442.0897264
-3043347513.8519897
-3043347585.915511
-3043347658.281725
-3043347730.952368
-3043347803.9292803
-3043347877.2139096
-3043347950.808217
-3043348024.7138553
-3043348098.932513
-3043348173.4659734
-3043348248.316409
-3043348323.485159
-3043348398.9742556
-3043348474.785279
-3043348550.920371
-3043348627.381191
-3043348704.1695976
-3043348781.2874374
-3043348858.7365437
-3043348936.5188236
-3043349014.636384
-3043349093.091203
-3043349171.884962
-3043349251.0196724
-3043349330.497377
-3043349410.319767
-3043349490.4891243
-3043349571.007509
-3043349651.8768396
-3043349733.099084
-3043349814.676296
-3043349896.610628
-3043349978.9042244
-3043350061.55895
-3043350144.5771985
-3043350227.9607906
-3043350311.712034
-3043350395.833111
-3043350480.3262315
-3043350565.1932316
-3043350650.436839
-3043350736.058967
-3043350822.0619755
-3043350908.4478827
-3043350995.2191377
-3043351082.378128
-3043351169.927012
-3043351257.8681746
-3043351346.203681
-3043351434.9362335
-3043351524.0679965
-3043351613.601593
-3043351703.539256
-3043351793.8833194
-3043351884.636596
-3043351975.8012176
-3043352067.379753
-3043352159.3745537
-3043352251.788437
-3043352344.6236567
-3043352437.8828845
-3043352531.5686665
-3043352625.683609
-3043352720.2304153
-3043352815.2117352
-3043352910.6299634
-3043353006.488003
-3043353102.788417
-3043353199.5340023
-3043353296.727501
-3043353394.3715906
-3043353492.4691515
-3043353591.0229993
-3043353690.035796
-3043353789.5104094
-3043353889.449747
-3043353989.8568277
-3043354090.7342987
-3043354192.0851874
-3043354293.91263
-3043354396.219284
-3043354499.008503
-3043354602.282901
-3043354706.0458527
-3043354810.300256
-3043354915.0493298
-3043355020.296078
-3043355126.04377
-3043355232.295391
-3043355339.0541606
-3043355446.323328
-3043355554.106289
-3043355662.406082
-3043355771.2259865
-3043355880.56944
-3043355990.439909
-3043356100.840529
-3043356211.7747707
-3043356323.2460966
-3043356435.2579365
-3043356547.81387
-3043356660.9172764
-3043356774.571616
-3043356888.7806983
-3043357003.5478277
-3043357118.8767586
-3043357234.771261
-3043357351.2348366
-3043357468.2712746
-3043357585.8842297
-3043357704.0778613
-3043357822.855418
-3043357942.220871
-3043358062.1782737
-3043358182.7313814
-3043358303.884169
-3043358425.6406784
-3043358548.0047436
-3043358670.9805107
-3043358794.572014
-3043358918.7830687
-3043359043.618285
-3043359169.081567
-3043359295.1771483
-3043359421.9091606
-3043359549.281951
-3043359677.2997813
-3043359805.966976
-3043359935.287839
-3043360065.266917
-3043360195.908695
-3043360327.217412
-3043360459.1977787
-3043360591.854412
-3043360725.191727
-3043360859.2145457
-3043360993.927384
-3043361129.3350177
-3043361265.4422445
-3043361402.2537456
-3043361539.774222
-3043361678.008893
-3043361816.9625688
-3043361956.6401095
-3043362097.04659
-3043362238.186993
-3043362380.066417
-3043362522.6901135
-3043362666.0630693
-3043362810.1908374
-3043362955.0781503
-3043363100.7308073
-3043363247.154074
-3043363394.353169
-3043363542.333703
-3043363691.1010156
-3043363840.6607895
-3043363991.018572
-3043364142.180156
-3043364294.151094
-3043364446.937139
-3043364600.543971
-3043364754.977679
-3043364910.2440896
-3043365066.349126
-3043365223.2988973
-3043365381.0992804
-3043365539.7565618
-3043365699.276769
-3043365859.666273
-3043366020.931209
-3043366183.0779057
-3043366346.1129746
-3043366510.042637
-3043366674.8735075
-3043366840.6120195
-3043367007.265131
-3043367174.8391857
-3043367343.3410773
-3043367512.777625
-3043367683.1556673
-3043367854.4822226
-3043368026.764191
-3043368200.008688
-3043368374.223015
-3043368549.4143286
-3043368725.5896134
-3043368902.756315
-3043369080.921736
-3043369260.093548
-3043369440.2792406
-3043369621.4863906
-3043369803.7225523
-3043369986.995777
-3043370171.313662
-3043370356.6842937
-3043370543.115404
-3043370730.615218
-3043370919.1917124
-3043371108.853258
-3043371299.6080093
-3043371491.4642544
-3043371684.4306893
-3043371878.5156155
-3043372073.727785
-3043372270.0758247
-3043372467.568389
-3043372666.2144394
-3043372866.0229874
-3043373067.002843
-3043373269.1632423
-3043373472.5133953
-3043373677.0624905
-3043373882.820014
-3043374089.795385
-3043374297.998131
-3043374507.437907
-3043374718.1244526
-3043374930.067872
-3043375143.277819
-3043375357.7644215
-3043375573.537766
-3043375790.608082
-3043376008.985824
-3043376228.6814175
-3043376449.7053127
-3043376672.0681815
-3043376895.78101
-3043377120.8543906
-3043377347.2994804
-3043377575.1272774
-3043377804.348875
-3043378034.9756746
-3043378267.019369
-3043378500.4911184
-3043378735.402664
-3043378971.765914
-3043379209.5927296
-3043379448.8949428
-3043379689.6850786
-3043379931.97511
-3043380175.77756
-3043380421.1048527
-3043380667.969783
-3043380916.385029
-3043381166.3634915
-3043381417.918315
-3043381671.0626736
-3043381925.8098073
-3043382182.1734343
-3043382440.1668425
-3043382699.8039923
-3043382961.098611
-3043383224.0646715
-3043383488.716747
-3043383755.06882
-3043384023.1355715
-3043384292.931692
-3043384564.471918
-3043384837.7709947
-3043385112.844371
-3043385389.707205
-3043385668.3748074
-3043385948.8631725
-3043386231.187606
-3043386515.3644114
-3043386801.40973
-3043387089.339673
-3043387379.170668
-3043387670.919623
-3043387964.6032867
-3043388260.2386203
-3043388557.842971
-3043388857.433591
-3043389159.0280857
-3043389462.6445136
-3043389768.300537
-3043390076.0145884
-3043390385.804886
-3043390697.6900578
-3043391011.6890264
-3043391327.820859
-3043391646.104616
-3043391966.5597544
-3043392289.206071
-3043392614.0631423
-3043392941.151581
-3043393270.491458
-3043393602.103337
-3043393936.0079985
-3043394272.2267923
-3043394610.780602
-3043394951.6912627
-3043395294.980364
-3043395640.6700134
-3043395988.7825603
-3043396339.340472
-3043396692.3666306
-3043397047.8842196
-3043397405.9163465
-3043397766.4868813
-3043398129.6196876
-3043398495.3388186
-3043398863.668776
-3043399234.634502
-3043399608.26075
-3043399984.573063
-3043400363.5969696
-3043400745.3585157
-3043401129.8840046
-3043401517.1999874
-3043401907.3333607
-3043402300.311223
-3043402696.161373
-3043403094.911568
-3043403496.5902033
-3043403901.225816
-3043404308.847142
-3043404719.483391
-3043405133.164431
-3043405549.920289
-3043405969.781288
-3043406392.7779903
-3043406818.9417014
-3043407248.304035
-3043407680.896819
-3043408116.752165
-3043408555.90288
-3043408998.3822637
-3043409444.223544
-3043409893.4609795
-3043410346.1289587
-3043410802.2620783
-3043411261.895851
-3043411725.065634
-3043412191.807913
-3043412662.159181
-3043413136.156604
-3043413613.837778
-3043414095.240734
-3043414580.40405
-3043415069.366659
-3043415562.1683598
-3043416058.849225
-3043416559.4495006
-3043417064.0105886
-3043417572.574278
-3043418085.182731
-3043418601.8787036
-3043419122.7053566
-3043419647.707012
-3043420176.927847
-3043420710.413144
-3043421248.2085085
-3043421790.3603687
-3043422336.9155397
-3043422887.9215865
-3043423443.426863
-3043424003.480323
-3043424568.13146
-3043425137.4304876
-3043425711.4281836
-3043426290.1762824
-3043426873.727043
-3043427462.1335955
-3043428055.449552
-3043428653.729434
-3043429257.0286736
-3043429865.4034014
-3043430478.9101567
-3043431097.6067142
-3043431721.5512996
-3043432350.803693
-3043432985.4236536
-3043433625.4720874
-3043434271.0107393
-3043434922.1024103
-3043435578.810934
-3043436241.200493
-3043436909.3367834
-3043437583.2860475
-3043438263.115814
-3043438948.89402
-3043439640.6903586
-3043440338.574868
-3043441042.6190996
-3043441752.8954105
-3043442469.4772773
-3043443192.4391165
-3043443921.856796
-3043444657.8071747
-3043445400.3678484
-3043446149.6183395
-3043446905.638421
-3043447668.5100117
-3043448438.3157396
-3043449215.13958
-3043449999.066777
-3043450790.1838045
-3043451588.578715
-3043452394.340281
-3043453207.5595565
-3043454028.328393
-3043454856.7401924
-3043455692.8897457
-3043456536.8733997
-3043457388.789044
-3043458248.7359877
-3043459116.815168
-3043459993.1293135
-3043460877.7822227
-3043461770.8798575
-3043462672.5295687
-3043463582.8408823
-3043464501.924434
-3043465429.8928156
-3043466366.8607874
-3043467312.9447136
-3043468268.2628427
-3043469232.9355483
-3043470207.084811
-3043471190.8348064
-3043472184.311655
-3043473187.643766
-3043474200.9614344
-3043475224.397393
-3043476258.086447
-3043477302.165471
-3043478356.773983
-3043479422.0533714
-3043480498.148055
-3043481585.2043867
-3043482683.3711987
-3043483792.800224
-3043484913.6455393
-3043486046.0639753
-3043487190.2147865
-3043488346.260535
-3043489514.365983
-3043490694.6993966
-3043491887.4314346
-3043493092.7359743
-3043494310.7899885
-3043495541.7735834
-3043496785.869798
-3043498043.2652283
-3043499314.1498575
-3043500598.7165675
-3043501897.1626005
-3043503209.6879234
-3043504536.4962053
-3043505877.795224
-3043507233.796438
-3043508604.715086
-3043509990.7703114
-3043511392.185438
-3043512809.1876965
-3043514242.0088654
-3043515690.884963
-3043517156.055995
-3043518637.7671003
-3043520136.26781
-3043521651.812419
-3043523184.6597233
-3043524735.0739136
-3043526303.3240333
-3043527889.684464
-3043529494.4344845
-3043531117.85931
-3043532760.249257
-3043534421.9007206
-3043536103.1154985
-3043537804.2017965
-3043539525.473199
-3043541267.250311
-3043543029.859929
-3043544813.63502
-3043546618.9155464
-3043548446.0482855
-3043550295.386961
-3043552167.292633
-3043554062.133727
-3043555980.2862163
-3043557922.1334753
-3043559888.067171
-3043561878.487232
-3043563893.8017745
-3043565934.4272003
-3043568000.789167
-3043570093.321681
-3043572212.4686875
-3043574358.6831675
-3043576532.4277325
-3043578734.1752863
-3043580964.4083433
-3043583223.620803
-3043585512.3163295
-3043587831.010504
-3043590180.2292733
-3043592560.511448
-3043594972.406222
-3043597416.47633
-3043599893.2967086
-3043602403.454582
-3043604947.551743
-3043607526.202486
-3043610140.035533
-3043612789.69382
-3043615475.8351884
-3043618199.132948
-3043620960.2752523
-3043623759.967389
-3043626598.9304867
-3043629477.9024787
-3043632397.639226
-3043635358.9143915
-3043638362.5201483
-3043641409.2675185
-3043644499.987549
-3043647635.530697
-3043650816.768615
-3043654044.594041
-3043657319.9221926
-3043660643.6903167
-3043664016.8590965
-3043667440.4135313
-3043670915.362917
-3043674442.742237
-3043678023.6127377
-3043681659.0625167
-3043685350.2078896
-3043689098.1932936
-3043692904.193572
-3043696769.4136715
-3043700695.0901546
-3043704682.4920435
-3043708732.922034
-3043712847.717469
-3043717028.251462
-3043721275.933814
-3043725592.21228
-3043729978.57449
-3043734436.548671
-3043738967.704241
-3043743573.655003
-3043748256.05875
-3043753016.6199875
-3043757857.091461
-3043762779.27497
-3043767785.0229654
-3043772876.2423563
-3043778054.8932805
-3043783322.9937253
-3043788682.6200814
-3043794135.9094687
-3043799685.0610423
-3043805332.3405457
-3043811080.080266
-3043816930.6826677
-3043822886.6227417
-3043828950.450623
-3043835124.793881
-3043841412.3611345
-3043847815.945267
-3043854338.424465
-3043860982.7689023
-3043867752.0409837
-3043874649.400286
-3043881678.1083765
-3043888841.5302787
-3043896143.1403246
-3043903586.526074
-3043911175.3922024
-3043918913.565912
-3043926805.001199
-3043934853.784355
-3043943064.1394315
-3043951440.4326587
-3043959987.1805825
-3043968709.053833
-3043977610.8848157
-3043986697.674847
-3043995974.600185
-3044005447.019791
-3044015120.484294
-3044025000.742425
-3044035093.750762
-3044045405.6830597
-3044055942.9377666
-3044066712.152225
-3044077720.2084813
-3044088974.246647
-3044100481.6774664
-3044112250.1942034
-3044124287.7831798
-3044136602.7408257
-3044149203.6864634
-3044162099.57894
-3044175299.730014
-3044188813.82336
-3044202651.9337754
-3044216824.5426435
-3044231342.5612288
-3044246217.350266
-3044261460.743206
-3044277085.069025
-3044293103.179529
-3044309528.473539
-3044326374.9258037
-3044343657.1199436
-3044361390.2760973
-3044379590.288377
-3044398273.7572274
-3044417458.0324774
-3044437161.2506313
-3044457402.378598
-3044478201.2592444
-3044499578.666256
-3044521556.346268
-3044544157.0860815
-3044567404.7630253
-3044591324.413928
-3044615942.302577
-3044641285.9924555
-3044667384.423185
-3044694267.9969707
-3044721968.6661806
-3044750520.026285
-3044779957.4273357
-3044810318.0765734
-3044841641.1588373
-3044873967.971447
-3044907342.0473213
-3044941809.3190117
-3044977418.2653494
-3045014220.092511
-3045052268.915733
-3045091621.961738
-3045132339.781909
-3045174486.4943333
-3045218130.030433
-3045263342.4229383
-3045310200.0872025
-3045358784.1639977
-3045409180.868326
-3045461481.8687167
-3045515784.7118487
-3045572193.2829456
-3045630818.302287
-3045691777.872653
-3045755198.0771217
-3045821213.634194
-3045889968.617349
-3045961617.246178
-3046036324.749758
-3046114268.3274946
-3046195638.2044854
-3046280638.780175
-3046369489.931518
-3046462428.430429
-3046559709.521807
-3046661608.6590776
-3046768423.4822607
-3046880475.971203
-3046998114.8451653
-3047121718.308189
-3047251697.031562
-3047388497.5694814
-3047532606.1591496
-3047684553.021908
-3047844917.1469774
-3048014331.808855
-3048193490.705695
-3048383154.9853325
-3048584161.173769
-3048797430.2578087
-3049023978.059231
-3049264927.0436974
-3049521519.960064
-3049795135.319105
-3050087305.620348
-3050399737.961936
-3050734338.2730227
-3051093239.237447
-3051478833.0368776
-3051893809.405014
-3052341200.3110247
-3052824432.6465197
-3053347389.9220104
-3053914485.8262863
-3054530750.715395
-3055201935.3483505
-3055934634.007269
-3056736432.316639
-3057616084.458044
-3058583726.4198437
-3059651133.759716
-3060832032.5416355
-3062142476.2127724
-3063601302.369274
-3065230685.5076656
-3067056805.2508125
-3069110650.4166317
-3071428978.339346
-3074055446.100376
-3077041912.6983795
-3080449886.0369453
-3084352025.587219
-3088833496.151081
-3093992774.0072746
-3099941131.787071
-3106799449.867676
-3114690049.4655037
-3123719888.7956467
-3133949911.2839966
-3145344409.2728806
-3157696681.683861
-3170538336.9599075
-3183066907.789299
-3194170393.0316925
-3202656998.068054
-3207731319.2751083
-3209529596.926346
-3209289139.625595
-3208865322.201355
-3209874585.748993
-3213094554.6278687
-3218440420.684265
-3225319266.1572723
-3233013290.959488
-3240910973.1327667
-3248584773.590332
-3255780355.034149
-3262373882.159775
-3268327760.157219
-3273655822.9110565
-3278399353.347397
-3282611905.7341156
-3286350320.317314
-3289669773.880028
-3292621305.3253555
-3295250805.753647
-3297598825.3270874
-3299700812.911949
-3301587556.84079
-3303285700.4898834
-3304818261.590317
-3306205117.3324738
-3307463443.2902374
-3308608098.7125244
-3309651960.889763
-3310606211.8843994
-3311480583.947212
-3312283567.135994
-3313022586.7773056
-3313704152.9894333
-3314333988.1355057
-3314917134.825081
-3315458047.855049
-3315960672.379219
-3316428510.6570053
-3316864679.2551193
-3317271957.82222
-3317652831.1568985
-3318009525.3817215
-3318344039.037628
-3318658170.1440353
-3318953539.539833
-3319231611.1876526
-3319493709.888275
-3319741036.6510468
-3319974682.2445908
-3320195638.995552
-3320404811.204788
-3320603024.2692566
-3320791032.765129
-3320969527.5554276
-3321139142.121353
-3321300458.1648407
-3321454010.5637207
-3321600291.816696
-3321739756.0089264
-3321872822.3027573
-3321999878.146675
-3322121282.065605
-3322237366.24292
-3322348438.7714233
-3322454785.747818
-3322556673.102112
-3322654348.2878113
-3322748041.8100586
-3322837968.569412
-3322924329.1484985
-3323007310.910141
-3323087089.0554733
-3323163827.527954
-3323237679.907242
-3323308790.1464844
-3323377293.323349
-3323443316.273346
-3323506978.1739807
-3323568391.1134567
-3323627660.5880966
-3323684885.946892
-3323740160.8407135
-3323793573.589157
-3323845207.5509796
-3323895141.4594574
-3323943449.718422
-3323990202.685623
-3324035466.9442825
-3324079305.5366974
-3324121778.1798706
-3324162941.4981003
-3324202849.188118
-3324241552.2141953
-3324279098.9643173
-3324315535.4184265
-3324350905.277298
-3324385250.105751
-3324418609.450096
-3324451020.96611
-3324482520.5100555
-3324513142.2587204
-3324542918.793808
-3324571881.185707
-3324600059.0912857
-3324627480.8185196
-3324654173.4045105
-3324680162.684677
-3324705473.3488007
-3324730129.014351
-3324754152.2715073
-3324777564.739113
-3324800387.1193085
-3324822639.2362747
-3324844340.08683
-3324865507.876816
-3324886160.0666656
-3324906313.4010696
-3324925983.9474335
-3324945187.12796
-3324963937.753189
-3324982250.044693
-3325000137.670891
-3325017613.7650833
-3325034690.9568863
-3325051381.393318
-3325067696.755615
-3325083648.2893295
-3325099246.819046
-3325114502.764633
-3325129426.1671524
-3325144026.6956253
-3325158313.6715393
-3325172296.0801315
-3325185982.5838547
-3325199381.5395584
-3325212501.009598
-3325225348.7728043
-3325237932.339119
-3325250258.95945
-3325262335.6339493
-3325274169.1291122
-3325285765.979347
-3325297132.5006866
-3325308274.79982
-3325319198.7801743
-3325329910.151428
-3325340414.4367676
-3325350716.9816666
-3325360822.956871
-3325370737.369217
-3325380465.066757
-3325390010.7429047
-3325399378.944275
-3325408574.0763474
-3325417600.407669
-3325426462.074753
-3325435163.0880966
-3325443707.3363953
-3325452098.590584
-3325460340.508171
-3325468436.6368713
-3325476390.4207916
-3325484205.2001724
-3325491884.2200394
-3325499430.628105
-3325506847.483139
-3325514137.753685
-3325521304.3251724
-3325528350.0004654
-3325535277.5018387
-3325542089.476349
-3325548788.4963074
-3325555377.063118
-3325561857.607956
-3325568232.495865
-3325574504.027565
-3325580674.4398193
-3325586745.910187
-3325592720.5571213
-3325598600.4426575
-3325604387.5735016
-3325610083.9036407
-3325615691.3355865
-3325621211.721367
-3325626646.8663635
-3325631998.527191
-3325637268.4166565
-3325642458.2033157
-3325647569.5131454
-3325652603.9301376
-3325657562.999771
-3325662448.227356
-3325667261.0814896
-3325672002.9940414
-3325676675.3606873
-3325681279.5441437
-3325685816.87294
-3325690288.643173
-3325694696.11998
-3325699040.5377274
-3325703323.100853
-3325707544.985924
-3325711707.3404617
-3325715811.285721
-3325719857.9156647
-3325723848.300026
-3325727783.4819183
-3325731664.4817963
-3325735492.295372
-3325739267.8958664
-3325742992.2345734
-3325746666.240921
-3325750290.822853
-3325753866.868431
-3325757395.2452927
-3325760876.8025055
-3325764312.3691864
-3325767702.756241
-3325771048.7575226
-3325774351.148857
-3325777610.68898
-3325780828.1205063
-3325784004.1697006
-3325787139.5473785
-3325790234.9486465
-3325793291.054489
-3325796308.530739
-3325799288.0294266
-3325802230.1885605
-3325805135.6332703
-3325808004.9750977
-3325810838.812874
-3325813637.733322
-3325816402.3107147
-3325819133.108017
-3325821830.675812
-3325824495.554207
-3325827128.2720795
-3325829729.3477173
-3325832299.288765
-3325834838.592842
-3325837347.7474213
-3325839827.2304535
-3325842277.510391
-3325844699.0466003
-3325847092.2888794
-3325849457.6787186
-3325851795.649086
-3325854106.623886
-3325856391.0196
-3325858649.243988
-3325860881.6975174
-3325863088.7729187
-3325865270.8550034
-3325867428.3218
-3325869561.544029
-3325871670.8851547
-3325873756.7021637
-3325875819.3452682
-3325877859.15831
-3325879876.4781265
-3325881871.6362076
-3325883844.957405
-3325885796.760895
-3325887727.3595734
-3325889637.061043
-3325891526.1673584
-3325893394.974869
-3325895243.7745285
-3325897072.8523636
-3325898882.4894867
-3325900672.961334
-3325902444.538933
-3325904197.488365
-3325905932.070938
-3325907648.5436554
-3325909347.158745
-3325911028.164177
-3325912691.8036194
-3325914338.316536
-3325915967.938141
-3325917580.8997955
-3325919177.4286118
-3325920757.74823
-3325922322.078102
-3325923870.634079
-3325925403.628685
-3325926921.2703094
-3325928423.764168
-3325929911.3122253
-3325931384.1126328
-3325932842.360611
-3325934286.2480927
-3325935715.9635086
-3325937131.69265
-3325938533.618202
-3325939921.9195786
-3325941296.773407
-3325942658.353569
-3325944006.8310013
-3325945342.3739243
-3325946665.1480713
-3325947975.3159943
-3325949273.0381317
-3325950558.4722977
-3325951831.773529
-3325953093.0948486
-3325954342.586441
-3325955580.3965073
-3325956806.670494
-3325958021.5519333
-3325959225.1821136
-3325960417.6999664
-3325961599.242264
-3325962769.943901
-3325963929.9374847
-3325965079.353752
-3325966218.3212433
-3325967346.966728
-3325968465.41494
-3325969573.788803
-3325970672.2092285
-3325971760.7956696
-3325972839.6654663
-3325973908.934181
-3325974968.7159653
-3325976019.122917
-3325977060.2656097
-3325978092.2532425
-3325979115.1928787
-3325980129.19059
-3325981134.3504944
-3325982130.7754135
-3325983118.566391
-3325984097.8233185
-3325985068.6446533
-3325986031.1272583
-3325986985.366333
-3325987931.456444
-3325988869.4900436
-3325989799.5589447
-3325990721.7529907
-3325991636.1613235
-3325992542.8715744
-3325993441.9700394
-3325994333.542053
-3325995217.6714706
-3325996094.4412155
-3325996963.932953
-3325997826.227356
-3325998681.4037476
-3325999529.5403748
-3326000370.714691
-3326001205.0028076
-3326002032.4797897
-3326002853.2199097
-3326003667.2962112
-3326004474.780884
-3326005275.7449875
-3326006070.258766
-3326006858.391449
-3326007640.2114487
-3326008415.78611
-3326009185.181877
-3326009948.4643326
-3326010705.698288
-3326011456.947792
-3326012202.2757874
-3326012941.7444153
-3326013675.4150925
-3326014403.3483963
-3326015125.604103
-3326015842.241295
-3326016553.318207
-3326017258.892418
-3326017959.0205383
-3326018653.758606
-3326019343.161972
-3326020027.285187
-3326020706.182213
-3326021379.906189
-3326022048.5097427
-3326022712.044632
-3326023370.5621185
-3326024024.1127396
-3326024672.7464676
-3326025316.5125504
-3326025955.4596405
-3326026589.635826
-3326027219.0885696
-3326027843.8646317
-3326028464.010605
-3326029079.5717926
-3326029690.5936813
-3326030297.120781
-3326030899.197174
-3326031496.866295
-3326032090.1711807
-3326032679.1542816
-3326033263.857521
-3326033844.322365
-3326034420.5896378
-3326034992.6999054
-3326035560.6929626
-3326036124.6084137
-3326036684.485138
-3326037240.361763
-3326037792.276474
-3326038340.2666397
-3326038884.3695374
-3326039424.621834
-3326039961.059952
-3326040493.719696
-3326041022.6365356
-3326041547.845482
-3326042069.381073
-3326042587.2776947
-3326043101.5690613
-3326043612.2884903
-3326044119.4691467
-3326044623.143654
-3326045123.3443375
-3326045620.103073
-3326046113.4513702
-3326046603.4204865
-3326047090.0410843
-3326047573.343796
-3326048053.358673
-3326048530.1155243
-3326049003.643738
-3326049473.9725113
-3326049941.1305847
-3326050405.1463165
-3326050866.048027
-3326051323.8634644
-3326051778.6201096
-3326052230.3451767
-3326052679.0656433
-3326053124.8080444
-3326053567.5988235
-3326054007.463852
-3326054444.428734
-3326054878.519272
-3326055309.760414
-3326055738.1770477
-3326056163.793892
-3326056586.6352615
-3326057006.7252426
-3326057424.087677
-3326057838.746002
-3326058250.7237015
-3326058660.0438385
-3326059066.7290955
-3326059470.8022614
-3326059872.285408
-3326060271.200836
-3326060667.5703735
-3326061061.415634
-3326061452.7579575
-3326061841.6184235
-3326062228.018181
-3326062611.977829
-3326062993.5178757
-3326063372.658638
-3326063749.4201813
-3326064123.8224106
-3326064495.884903
-3326064865.627205
-3326065233.0684967
-3326065598.227852
-3326065961.1241074
-3326066321.775978
-3326066680.201889
-3326067036.4200974
-3326067390.4487305
-3326067742.305649
-3326068092.0085983
-3326068439.5751953
-3326068785.022743
-3326069128.3684006
-3326069469.6291656
-3326069808.8219223
-3326070145.963379
-3326070481.0699387
-3326070814.1580276
-3326071145.243721
-3326071474.3430786
-3326071801.471977
-3326072126.6460495
-3326072449.880905
-3326072771.1918945
-3326073090.594223
-3326073408.10305
-3326073723.7331543
-3326074037.4994583
-3326074349.4164886
-3326074659.498802
-3326074967.7606735
-3326075274.2164307
-3326075578.880081
-3326075881.7655945
-3326076182.886734
-3326076482.2572327
-3326076779.8904953
-3326077075.799988
-3326077369.999077
-3326077662.5007477
-3326077953.3181686
-3326078242.4640884
-3326078529.95121
-3326078815.792473
-3326079100.000206
-3326079382.58683
-3326079663.564705
-3326079942.946007
-3326080220.742729
-3326080496.9669037
-3326080771.6302185
-3326081044.744499
-3326081316.3213425
-3326081586.3722534
-3326081854.908615
-3326082121.941841
-3326082387.4828796
-3326082651.5429306
-3326082914.13295
-3326083175.2638474
-3326083434.946373
-3326083693.1912384
-3326083950.00898
-3326084205.4100876
-3326084459.404953
-3326084712.003845
-3326084963.217102
-3326085213.054657
-3326085461.526497
-3326085708.642563
-3326085954.412773
-3326086198.846779
-3326086441.9542313
-3326086683.744766
-3326086924.227783
-3326087163.412758
-3326087401.308922
-3326087637.9255295
-3326087873.2717133
-3326088107.356598
-3326088340.189102
-3326088571.778137
-3326088802.1324844
-3326089031.260887
-3326089259.1720505
-3326089485.874588
-3326089711.3769836
-3326089935.6876755
-3326090158.8150024
-3326090380.7673492
-3326090601.5527954
-3326090821.179558
-3326091039.6557617
-3326091256.989235
-3326091473.188118
-3326091688.260147
-3326091902.213188
-3326092115.055008
-3326092326.793167
-3326092537.4353027
-3326092746.9889297
-3326092955.461525
-3326093162.8605347
-3326093369.193283
-3326093574.4670715
-3326093778.689049
-3326093981.8664017
-3326094184.006233
-3326094385.11557
-3326094585.201355
-3326094784.2705307
-3326094982.330017
-3326095179.3864822
-3326095375.446678
-3326095570.5173874
-3326095764.605156
-3326095957.7166214
-3326096149.8582535
-3326096341.0365677
-3326096531.2579117
-3326096720.528694
-3326096908.8552017
-3326097096.243683
-3326097282.7003403
-3326097468.231331
-3326097652.842697
-3326097836.540535
-3326098019.330887
-3326098201.219597
-3326098382.2126236
-3326098562.315834
-3326098741.534981
-3326098919.875847
-3326099097.3441696
-3326099273.9455566
-3326099449.6856766
-3326099624.570114
-3326099798.604355
-3326099971.7938614
-3326100144.1441193
-3326100315.660454
-3326100486.3483353
-3326100656.2129745
-3326100825.259712
-3326100993.4937057
-3326101160.920128
-3326101327.544182
-3326101493.370964
-3326101658.405464
-3326101822.6527634
-3326101986.1178055
-3326102148.8055725
-3326102310.7209396
-3326102471.8687363
-3326102632.253784
-3326102791.8809814
-3326102950.754982
-3326103108.880539
-3326103266.262314
-3326103422.904854
-3326103578.812851
-3326103733.9908752
-3326103888.443451
-3326104042.175041
-3326104195.190201
-3326104347.493271
-3326104499.088661
-3326104649.980751
-3326104800.1738586
-3326104949.6722183
-3326105098.480156
-3326105246.601898
-3326105394.0415955
-3326105540.8034744
-3326105686.891571
-3326105832.3100204
-3326105977.062874
-3326106121.154213
-3326106264.5881042
-3326106407.368347
-3326106549.4990234
-3326106690.9840317
-3326106831.8272476
-3326106972.0324936
-3326107111.603653
-3326107250.5444794
-3326107388.8587646
-3326107526.5502396
-3326107663.6225967
-3326107800.079605
-3326107935.9248734
-3326108071.1620407
-3326108205.7947006
-3326108339.8264465
-3326108473.260826
-3326108606.101433
-3326108738.351616
-3326108870.0149765
-3326109001.094879
-3326109131.5948105
-3326109261.5181274
-3326109390.868202
-3326109519.648491
-3326109647.862152
-3326109775.5125504
-3326109902.6030273
-3326110029.1368103
-3326110155.1170654
-3326110280.547043
-3326110405.4298935
-3326110529.768875
-3326110653.5670776
-3326110776.8275146
-3326110899.553383
-3326111021.747734
-3326111143.413559
-3326111264.553955
-3326111385.171898
-3326111505.2703094
-3326111624.852249
-3326111743.9205933
-3326111862.478325
-3326111980.5283203
-3326112098.073387
-3326112215.1165085
-3326112331.660454
-3326112447.707962
-3326112563.2619095
-3326112678.325142
-3326112792.900345
-3326112906.9902267
-3326113020.5975723
-3326113133.725067
-3326113246.3753433
-3326113358.551117
-3326113470.2549896
-3326113581.4896317
-3326113692.257622
-3326113802.561531
-3326113912.40403
-3326114021.7875137
-3326114130.71463
-3326114239.1879196
-3326114347.209816
-3326114454.7828217
-3326114561.909424
-3326114668.5920334
-3326114774.8331146
-3326114880.635025
-3326114986.0002823
-3326115090.93116
-3326115195.4301376
-3326115299.4994507
-3326115403.141472
-3326115506.358536
-3326115609.1529846
-3326115711.5270233
-3326115813.482979
-3326115915.023094
-3326116016.1495895
-3326116116.864769
-3326116217.1707306
-3326116317.0697403
-3326116416.564041
-3326116515.655678
-3326116614.3468857
-3326116712.6397324
-3326116810.5364456
-3326116908.0391006
-3326117005.1497345
-3326117101.870468
-3326117198.2033844
-3326117294.150505
-3326117389.7138824
-3326117484.895584
-3326117579.6975403
-3326117674.1218414
-3326117768.1704636
-3326117861.845352
-3326117955.148445
-3326118048.0817947
-3326118140.647217
-3326118232.8466644
-3326118324.682083
-3326118416.1553497
-3326118507.2683945
-3326118598.0230865
-3326118688.4212265
-3326118778.4647064
-3326118868.155281
-3326118957.4949265
-3326119046.485321
-3326119135.128372
-3326119223.4258347
-3326119311.379448
-3326119398.9910126
-3326119486.2622986
-3326119573.19503
-3326119659.7909546
-3326119746.0517807
-3326119831.979225
-3326119917.5750275
-3326120002.840843
-3326120087.778328
-3326120172.38916
-3326120256.675026
-3326120340.6375427
-3326120424.278366
-3326120507.599167
-3326120590.601486
-3326120673.2869644
-3326120755.6572037
-3326120837.713768
-3326120919.4582367
-3326121000.8921967
-3326121082.017212
-3326121162.8348083
-3326121243.3465347
-3326121323.553978
-3326121403.458519
-3326121483.061737
-3326121562.365181
-3326121641.370285
-3326121720.078499
-3326121798.4913483
-3326121876.6102295
-3326121954.436676
-3326122031.9720764
-3326122109.2179337
-3326122186.1756287
-3326122262.846588
-3326122339.232231
-3326122415.333946
-3326122491.1531067
-3326122566.691101
-3326122641.949394
-3326122716.929222
-3326122791.631996
-3326122866.0590286
-3326122940.211769
-3326123014.0914154
-3326123087.6994095
-3326123161.03701
-3326123234.10553
-3326123306.9062805
-3326123379.4405365
-3326123451.709572
-3326123523.7147217
-3326123595.4572144
-3326123666.938362
-3326123738.1593704
-3326123809.1214905
-3326123879.825981
-3326123950.2740707
-3326124020.4670105
-3326124090.405945
-3326124160.0921707
-3326124229.5268326
-3326124298.711174
-3326124367.6463623
-3326124436.3335342
-3326124504.7739334
-3326124572.968689
-3326124640.9189377
-3326124708.625862
-3326124776.0906677
-3326124843.3145065
-3326124910.2984085
-3326124977.043556
-3326125043.5510254
-3326125109.8219604
-3326125175.857498
-3326125241.6587524
-3326125307.226738
-3326125372.5625763
-3326125437.667389
-3326125502.542244
-3326125567.1881866
-3326125631.606262
-3326125695.7975845
-3326125759.763153
-3326125823.504097
-3326125887.021347
-3326125950.3159866
-3326126013.3890457
-3326126076.2415466
-3326126138.874489
-3326126201.288872
-3326126263.485718
-3326126325.4660263
-3326126387.2308044
-3326126448.781006
-3326126510.1176224
-3326126571.2416534
-3326126632.1540604
-3326126692.8558044
-3326126753.3478317
-3326126813.6310883
-3326126873.706581
-3326126933.5751877
-3326126993.237854
-3326127052.695587
-3326127111.949188
-3326127170.9996643
-3326127229.847908
-3326127288.4948196
-3326127346.94133
-3326127405.1883087
-3326127463.2367096
-3326127521.087448
-3326127578.741249
-3326127636.1991577
-3326127693.461952
-3326127750.530525
-3326127807.4057236
-3326127864.0884857
-3326127920.5796356
-3326127976.880043
-3326128032.9904404
-3326128088.911789
-3326128144.644867
-3326128200.190544
-3326128255.5496826
-3326128310.7230835
-3326128365.7114716
-3326128420.5157623
-3326128475.1367188
-3326128529.5751877
-3326128583.831993
-3326128637.907852
-3326128691.8035965
-3326128745.5200424
-3326128799.0579224
-3326128852.4180527
-3326128905.6012115
-3326128958.608116
-3326129011.4395447
-3326129064.0963287
-3326129116.5792084
-3326129168.888939
-3326129221.0261765
-3326129272.991783
-3326129324.786392
-3326129376.4108505
-3326129427.865898
-3326129479.1522293
-3326129530.2705154
-3326129581.2214966
-3326129632.0059586
-3326129682.624588
-3326129733.0780945
-3326129783.3671722
-3326129833.492508
-3326129883.4548416
-3326129933.25486
-3326129982.8932495
-3326130032.3707047
-3326130081.6879196
-3326130130.8455276
-3326130179.8442535
-3326130228.684738
-3326130277.367653
-3326130325.893692
-3326130374.2635345
-3326130422.477829
-3326130470.5371857
-3326130518.442322
-3326130566.1938553
-3326130613.7924576
-3326130661.2387238
-3326130708.533333
-3326130755.67688
-3326130802.670021
-3326130849.5134354
-3326130896.207657
-3326130942.753395
-3326130989.1512146
-3326131035.401741
-3326131081.5055847
-3326131127.4634247
-3326131173.275749
-3326131218.9432755
-3326131264.4665146
-3326131309.8461227
-3326131355.0827026
-3326131400.176796
-3326131445.129013
-3326131489.939949
-3326131534.610161
-3326131579.1402435
-3326131623.530777
-3326131667.7823563
-3326131711.8954926
-3326131755.8707886
-3326131799.708832
-3326131843.4101562
-3326131886.975334
-3326131930.4049225
-3326131973.699478
-3326132016.8595047
-3326132059.88562
-3326132102.778343
-3326132145.53817
-3326132188.16568
-3326132230.6614227
-3326132273.0258713
-3326132315.2596664
-3326132357.363228
-3326132399.3371506
-3326132441.181961
-3326132482.8980713
-3326132524.4861298
-3326132565.946594
-3326132607.280014
-3326132648.486809
-3326132689.567566
-3326132730.5227814
-3326132771.3529663
-3326132812.058563
-3326132852.6401443
-3326132893.0981827
-3326132933.4331512
-3326132973.645546
-3326133013.7358627
-3326133053.7045746
-3326133093.552208
-3326133133.2791595
-3326133172.885956
-3326133212.3731155
-3326133251.7410355
-3326133290.990242
-3326133330.121193
-3326133369.134369
-3326133408.0301743
-3326133446.80912
-3326133485.4716034
-3326133524.018158
-3326133562.449211
-3326133600.765236
-3326133638.966652
-3326133677.0539017
-3326133715.027458
-3326133752.887779
-3326133790.635269
-3326133828.270378
-3326133865.7935333
-3326133903.2051697
-3326133940.505768
-3326133977.6957245
-3326134014.7754745
-3326134051.7454453
-3326134088.6061096
-3326134125.357765
-3326134162.0009613
-3326134198.5360413
-3326134234.9634247
-3326134271.283592
-3326134307.496834
-3326134343.6036987
-3326134379.6045456
-3326134415.4997787
-3326134451.2897415
-3326134486.974922
-3326134522.555702
-3326134558.032486
-3326134593.4056396
-3326134628.6755905
-3326134663.84272
-3326134698.907387
-3326134733.870056
-3326134768.731079
-3326134803.490814
-3326134838.149643
-3326134872.7079773
-3326134907.1662064
-3326134941.524704
-3326134975.783844
-3326135009.943962
-3326135044.0055084
-3326135077.9688034
-3326135111.834221
-3326135145.6021347
-3326135179.272911
-3326135212.8469543
-3326135246.3245544
-3326135279.7061157
-3326135312.9919434
-3326135346.1825027
-3326135379.2781143
-3326135412.279045
-3326135445.185768
-3326135477.998581
-3326135510.7178116
-3326135543.343788
-3326135575.8769226
-3326135608.3175583
-3326135640.6660004
-3326135672.9226
-3326135705.0876846
-3326135737.1616592
-3326135769.1447983
-3326135801.037445
-3326135832.839897
-3326135864.5525436
-3326135896.1757507
-3326135927.709778
-3326135959.1550064
-3326135990.5117035
-3326136021.780258
-3326136052.9608994
-3326136084.053993
-3326136115.059944
-3326136145.9789658
-3326136176.811432
-3326136207.55764
-3326136238.2178955
-3326136268.792534
-3326136299.281868
-3326136329.6861267
-3326136360.005768
-3326136390.240982
-3326136420.392082
-3326136450.4593964
-3326136480.4432983
-3326136510.3439865
-3326136540.161865
-3326136569.8971024
-3326136599.5500946
-3326136629.1210785
-3326136658.6104126
-3326136688.0183563
-3326136717.345215
-3326136746.59124
-3326136775.7567596
-3326136804.8420715
-3326136833.8474503
-3326136862.773201
-3326136891.6195374
-3326136920.3868103
-3326136949.0753098
-3326136977.685257
-3326137006.2169647
-3326137034.6706924
-3326137063.0467606
-3326137091.3454285
-3326137119.566925
-3326137147.7115936
-3326137175.7796707
-3326137203.7714615
-3326137231.687187
-3326137259.5271835
-3326137287.291649
-3326137314.9808884
-3326137342.5951004
-3326137370.1346703
-3326137397.599697
-3326137424.9905853
-3326137452.30756
-3326137479.5508537
-3326137506.720745
-3326137533.8174973
-3326137560.84132
-3326137587.7925453
-3326137614.671341
-3326137641.478054
-3326137668.212883
-3326137694.8760757
-3326137721.467903
-3326137747.9886055
-3326137774.438362
-3326137800.817562
-3326137827.1263466
-3326137853.364994
-3326137879.5337677
-3326137905.632847
-3326137931.662506
-3326137957.622986
-3326137983.514496
-3326138009.3373337
-3326138035.091717
-3326138060.7778664
-3326138086.396038
-3326138111.946415
-3326138137.4292984
-3326138162.844841
-3326138188.1933937
-3326138213.475071
-3326138238.690151
-3326138263.8388824
-3326138288.9214287
-3326138313.9380875
-3326138338.8890266
-3326138363.7745132
-3326138388.5947456
-3326138413.349987
-3326138438.040371
-3326138462.6661224
-3326138487.2275734
-3326138511.7248573
-3326138536.158207
-3326138560.5278587
-3326138584.8339767
-3326138609.0768433
-3326138633.2566223
-3326138657.3735695
-3326138681.427887
-3326138705.4197617
-3326138729.349407
-3326138753.2170486
-3326138777.022873
-3326138800.7670937
-3326138824.449959
-3326138848.0716324
-3326138871.6323204
-3326138895.1322403
-3326138918.5715675
-3326138941.9505463
-3326138965.269352
-3326138988.5281754
-3326139011.727291
-3326139034.866806
-3326139057.946945
-3326139080.9679565
-3326139103.929981
-3326139126.8331985
-3326139149.677868
-3326139172.464142
-3326139195.1922417
-3326139217.862301
-3326139240.4745407
-3326139263.02919
-3326139285.5264244
-3326139307.9664
-3326139330.349388
-3326139352.67548
-3326139374.9448853
-3326139397.157814
-3326139419.3144264
-3326139441.41494
-3326139463.459511
-3326139485.448307
-3326139507.381569
-3326139529.259468
-3326139551.0821953
-3326139572.849846
-3326139594.562683
-3326139616.220829
-3326139637.824463
-3326139659.373867
-3326139680.869091
-3326139702.3103333
-3326139723.697838
-3326139745.0317497
-3326139766.3122215
-3326139787.5394554
-3326139808.713604
-3326139829.8347855
-3326139850.90329
-3326139871.9192123
-3326139892.882717
-3326139913.79401
-3326139934.6532097
-3326139955.460541
-3326139976.2161674
-3326139996.92025
-3326140017.5729103
-3326140038.1742935
-3326140058.7246323
-3326140079.224079
-3326140099.6727943
-3326140120.070919
-3326140140.418663
-3326140160.7161217
