-3044012571.167301
-3044012576.194629
-3044012589.433796
-3044012610.919677
-3044012640.653626
-3044012678.650632
-3044012724.9024982
-3044012779.414159
-3044012842.1916294
-3044012913.219877
-3044012992.506454
-3044013080.038667
-3044013175.80018
-3044013279.7941265
-3044013391.9997206
-3044013512.4104958
-3044013644.7718277
-3044013928.1243258
-3044014244.067588
-3044014592.506442
-3044014973.336552
-3044015386.4605913
-3044015831.770556
-3044016309.1807027
-3044016818.5787807
-3044017359.8724866
-3044017932.9622116
-3044018756.8033857
-3044020086.302826
-3044021541.3011746
-3044023121.166439
-3044024825.276802
-3044026653.060446
-3044028603.9533286
-3044030677.4390907
-3044032873.0239134
-3044036198.8084354
-3044041306.605237
-3044046894.8928537
-3044052960.875092
-3044059502.033206
-3044066516.099198
-3044074001.031727
-3044081954.984004
-3044098762.0053053
-3044117901.885906
-3044138889.7221365
-3044161718.181737
-3044186381.4215465
-3044212874.8739176
-3044261310.8012447
-3044325956.4321423
-3044397884.592782
-3044477098.833144
-3044563610.319645
-3044657436.4373164
-3044758599.710025
-3044867126.9445076
-3044983048.556565
-3045106398.017481
-3045237211.3862076
-3045375526.919
-3045521384.7392735
-3045674826.535867
-3045835895.305808
-3046004635.1133237
-3046181090.872551
-3046365308.1466455
-3046557332.9473414
-3046757211.5587316
-3046964990.3492303
-3047180715.596048
-3047404433.307195
-3047636189.042839
-3047876027.7340803
-3048123993.4962916
-3048380129.441478
-3048644477.4794908
-3048917078.112664
-3049197970.2236967
-3049487190.849741
-3049784774.9505205
-3050090755.160253
-3050405161.5257688
-3050728021.2327456
-3051059358.3155503
-3051399193.3470545
-3051747543.114721
-3052104420.273097
-3052469832.97655
-3052843784.488702
-3053226272.768714
-3053617290.0310593
-3054016822.2773857
-3054424848.7973986
-3054841341.639765
-3055266265.051935
-3055699574.876459
-3056141217.917845
-3056591131.261863
-3057113151.613412
-3058056205.1573424
-3059030818.2803736
-3060035927.823505
-3061070214.2748256
-3062132064.7124224
-3063219530.9155664
-3064330282.0520244
-3065461551.276468
-3066610075.5151744
-3067772027.642804
-3068942940.194336
-3070117619.684374
-3071290050.562664
-3072453287.7778244
-3073599336.9152923
-3074719020.8693604
-3075801832.0748577
-3076835769.424054
-3077807159.1976004
-3078700459.6260033
-3079498049.1487036
-3080179999.0375795
-3080723831.8931546
-3081104268.622277
-3081292967.925597
-3081258264.1426945
-3080964911.5148525
-3080373845.647894
-3079441976.1172247
-3078122027.7954516
-3076362452.4553566
-3074107436.3561077
-3071297033.522377
-3067867457.848471
-3063751569.334772
-3058879589.941945
-3053180081.7116117
-3046581212.984886
-3039012326.750084
-3030405807.687806
-3020699221.2072554
-3009837669.3512774
-2997776276.703072
-2984482687.3995466
-2969939426.2632375
-2954145957.928395
-2937120272.623966
-2918899839.9741945
-2899541804.5651593
-2879122347.8522816
-2857735205.563509
-2835489400.4300976
-2812506317.4420652
-2788916303.5459213
-2764855008.3256445
-2740459692.7897263
-2715865719.9466543
-2691203407.2523417
-2666595373.740719
-2642154461.293509
-2617982257.3140955
-2594168200.681777
-2570789217.885504
-2547909812.973838
