-6.673506855258858117e+00,-0.000000000000000000e+00
-1.911613023297962233e+00,-0.000000000000000000e+00
-1.000031234447873674e+00,-0.000000000000000000e+00
-4.309129675456129793e-01,-0.000000000000000000e+00
-4.915135655420989735e+00,3.653019714496013481e+00
-1.839469829081497032e+00,4.150262708573607684e-01
-9.851210256036211366e-01,-1.347285655490846612e-01
-4.292702488610511957e-01,-3.057713697030259997e-02
1.796933011728555130e+00,2.206118925853205237e+00
-1.603688213054105471e+00,8.113986811415404565e-01
-9.393103995744257473e-01,-2.666592596711404584e-01
-4.242877884948783040e-01,-6.113659358323062648e-02
-2.357515342151260462e+00,-4.598181739548361513e+00
-1.158036635428624672e+00,1.122894276417703452e+00
-8.594223803224971814e-01,-3.912117264191596333e-01
-4.157868806427508224e-01,-9.162646866984480720e-02
-6.414340866555670040e+00,-1.600696385833696445e+00
-4.941500314319728915e-01,1.184947957565468668e+00
-7.413646368223083538e-01,-5.000548619651257187e-01
-4.034723268297494281e-01,-1.219189344678264647e-01
-6.194258759872397491e+00,2.114761638286834167e+00
1.994738461429386156e-01,7.744313959570763295e-01
-5.826321885794952804e-01,-5.792436676794802120e-01
-3.869424988927469555e-01,-1.517657752667035398e-01
-1.283796160504672379e+00,4.513350515298097498e+00
4.770854772813772904e-01,-8.276250502960004474e-02
-3.869806945596866998e-01,-6.085629174237255912e-01
-3.657093344659548828e-01,-1.807446670540512612e-01
9.788601129552132463e-01,-3.335172269754585361e+00
9.389771443787386929e-02,-8.874661875781325593e-01
-1.709940641342181378e-01,-5.646258193517710300e-01
-3.392363008921831513e-01,-2.081961596250253010e-01
-5.481099805567449579e+00,-3.180966534409764179e+00
-6.229233018283307777e-01,-1.204416324445726660e+00
3.093784603363869401e-02,-4.306536100611615958e-01
-3.070057614733813223e-01,-2.331553866624098692e-01
-6.670360401423072183e+00,5.671073540854539852e-01
-1.255169994272222311e+00,-1.081245680737735526e+00
1.708813443952261757e-01,-2.119597253784970547e-01
-2.686272193166514000e-01,-2.542878006281600878e-01
-4.141994043010885918e+00,4.174900052805668338e+00
-1.661292457646297516e+00,-7.448875979263060998e-01
2.065380570786345960e-01,5.403042095482756685e-02
-2.240045042091447502e-01,-2.698473042658500742e-01
2.381182244744451282e+00,5.465716777280644756e-01
-1.865154072418793385e+00,-3.410328678834261829e-01
1.258896723756730562e-01,3.077206277561279069e-01
-1.735580467841217334e-01,-2.777087498124140574e-01
-3.551918259078193252e+00,-4.430422104801740701e+00
-1.910815223086991699e+00,7.616723255092493206e-02
-4.472901002770057755e-02,4.955186511588010045e-01
-1.184868364822482256e-01,-2.754922055592104457e-01
-6.629352352168768725e+00,-9.322511360321491525e-01
-1.810915814206950802e+00,4.911990622514315064e-01
-2.576863744314850102e-01,5.928197121905436351e-01
-6.102639258787939669e-02,-2.608626170489950491e-01
-5.775089004509218249e+00,2.852765308287589008e+00
-1.539238389622499703e+00,8.803991947838796239e-01
-4.689054791046932680e-01,6.049089967126483058e-01
-4.584521121799967069e-03,-2.320183192139806394e-01
3.432820203650095436e-01,3.890121201213875057e+00
-1.048902490066510040e+00,1.162203239816072431e+00
-6.512136472825754696e-01,5.528446930592652020e-01
4.638170385918594096e-02,-1.883222807407070043e-01
-5.786390986294955852e-01,-4.373904015476507645e+00
-3.540416964574251146e-01,1.151171467677920335e+00
-7.938678279841911989e-01,4.595265047856292862e-01
8.687370223820201076e-02,-1.309158247337146030e-01
-6.084640178550386302e+00,-2.421250451626455025e+00
3.006930705990509267e-01,6.380594762547768806e-01
-8.963212209711788336e-01,3.428312610092237311e-01
1.122460569358163518e-01,-6.304717027781711614e-02
-6.529442607346340743e+00,1.397474363170036593e+00
4.544414004293115816e-01,-2.595253994645785323e-01
-9.621338775905035057e-01,2.143061454483140282e-01
1.192776276305097527e-01,1.014941552664705600e-02
-2.695698242137457790e+00,4.636461562971001094e+00
-3.153296695945706496e-02,-9.920346108771457283e-01
-9.952366868864688243e-01,8.057023679140934425e-02
1.070282449713039208e-01,8.248234499434384248e-02
2.069719056283750191e+00,-1.897934748662015503e+00
-7.589774272972038549e-01,-1.209836684251536676e+00
-9.980697210167842615e-01,-5.471683473609554454e-02
7.711714224438115384e-02,1.479384321117980794e-01
-4.850743382152730376e+00,-3.812771336750332196e+00
-1.352419929172707924e+00,-1.028327377235863427e+00
-9.708617238347807543e-01,-1.889637599997913142e-01
3.325406360207250334e-02,2.018364296801477553e-01
-6.750600576386116103e+00,-7.014784370797349893e-03
-1.716508466762848739e+00,-6.699002906155657744e-01
-9.115813240184120758e-01,-3.188720269843224320e-01
-1.971378597040263081e-02,2.415060517473237856e-01
-4.866296549256903248e+00,3.800363496264031582e+00
-1.887184101543855075e+00,-2.598102750361761526e-01
-8.164506360341412528e-01,-4.385347134720392615e-01
-7.685996672522482642e-02,2.663397219122969894e-01
2.077935238156172204e+00,1.928817133479721058e+00
-1.904433077772039518e+00,1.591823172350801119e-01
-6.816433476520400436e-01,-5.375121712660948514e-01
-1.339793114064197210e-01,2.773574563470980747e-01
-2.701102157597505382e+00,-4.675011253963757163e+00
-1.773158526748527031e+00,5.733365284412181850e-01
-5.064951157050850972e-01,-5.991898798271000359e-01
-1.879835668455688835e-01,2.765652093584644033e-01
-6.569910259869744529e+00,-1.376875882257715178e+00
-1.460300184813021263e+00,9.515667139458634516e-01
-2.992012863409251322e-01,-6.012839268412767391e-01
-2.369397708580906758e-01,2.663517776579978347e-01
-6.067597034253918054e+00,2.511352126436265486e+00
-9.213636424646174383e-01,1.193450459839530575e+00
-8.343125205599788430e-02,-5.214382365019818444e-01
-2.798884227879777642e-01,2.490489583799800066e-01
-3.370375698146714782e-01,4.336007644306580033e+00
-2.024626639379525361e-01,1.093145155536618951e+00
9.941078255260427099e-02,-3.499891212772711091e-01
-3.165730357097210068e-01,2.266885412543064859e-01
1.300689526361926696e-01,-4.120983947683019011e+00
3.890167610692336631e-01,4.724421101217713415e-01
2.005111066434583922e-01,-1.051475528140762977e-01
-3.471914710272632210e-01,2.009037111212489124e-01
-5.949967908935742678e+00,-2.727045718274492270e+00
4.013410688427256900e-01,-4.436650609848289961e-01
1.873780270683884641e-01,1.638180565541100808e-01
-3.721821946251712698e-01,1.729230037142967802e-01
-6.634618191874264603e+00,1.197356439738694434e+00
-1.772922822355045280e-01,-1.082360282397809792e+00
6.440167779539041071e-02,3.958405602862681283e-01
-3.920769378922325799e-01,1.436216713108540988e-01
-3.012813281084194106e+00,4.650434031259162992e+00
-8.999835790252902479e-01,-1.198805624476221077e+00
-1.301036863104569896e-01,5.475449548905928498e-01
-4.074042493093569806e-01,1.135880109223917911e-01
2.287803186563779789e+00,-1.557688435063717458e+00
-1.447878490955978759e+00,-9.637379071337127678e-01
-3.472154777049031860e-01,6.077530923905257731e-01
-4.186314414806361905e-01,8.319110500765139471e-02
-4.744308912567513303e+00,-3.955023091627663412e+00
-1.768116629074231616e+00,-5.865352860847025118e-01
-5.490344693852087232e-01,5.902980074590048476e-01
-4.261323727376019610e-01,5.264123299806659079e-02
-6.798231521524290777e+00,-6.191982721136115447e-02
-1.904427167722132497e+00,-1.713993611217352053e-01
-7.157225720051492157e-01,5.183960565749705651e-01
-4.301712069930825888e-01,2.204110933284626761e-02
-4.893685669763642387e+00,3.848303485142726021e+00
-1.890990391222900691e+00,2.489792101854554907e-01
-8.415959069716036911e-01,4.133703459649746836e-01
-4.308928954113109833e-01,-8.570678931954150981e-03
2.188167420899077342e+00,1.875288526618644536e+00
-1.724098117659896623e+00,6.608611182155199604e-01
-9.284286482531975970e-01,2.904354629089651585e-01
-4.283240752646735316e-01,-3.917844030950201617e-02
-2.817325294492455612e+00,-4.723206742347614728e+00
-1.364289341229672825e+00,1.022731949991311451e+00
-9.802396577704133307e-01,1.588886984542001446e-01
-4.223723332933175811e-01,-6.975945312531718623e-02
-6.646955872848231195e+00,-1.283793317527613054e+00
-7.741138286315396577e-01,1.211457753286522054e+00
-1.000525317502487965e+00,2.390215079979307947e-02
-4.128245121067312118e-01,-1.002441813778216229e-01
-5.999693409800602950e+00,2.712438127137255961e+00
-4.374451405421053707e-02,1.004442861333612269e+00
-9.908364062886005907e-01,-1.115252023647959057e-01
-3.993536766566582741e-01,-1.304755816153732040e-01
1.492531530602212442e-01,4.177970904459779256e+00
4.550196123674061788e-01,2.778314927494692221e-01
-9.504210337190025504e-01,-2.447051540701031536e-01
-3.815308218977725430e-01,-1.601617985647681985e-01
-3.410996682305764693e-01,-4.432119968451339709e+00
3.137757591637271304e-01,-6.274359325663058096e-01
-8.764015918150708240e-01,-3.714641884833370100e-01
-3.588486632263381271e-01,-1.888191791968184541e-01
-6.167239929384546571e+00,-2.479806879986927726e+00
-3.406074082933447933e-01,-1.153017503033287428e+00
-7.646994615659237216e-01,-4.842041612083075042e-01
-3.307665581575978675e-01,-2.157068318359361137e-01
-6.582928503713133317e+00,1.553471531934579764e+00
-1.042593921916599164e+00,-1.169923425002782125e+00
-6.122703846430648245e-01,-5.699662075834618369e-01
-2.967878859753886878e-01,-2.397589455519656687e-01
-2.273547881514896396e+00,4.795016002116142317e+00
-1.539473306742165093e+00,-8.875002291147593425e-01
-4.213948452373280085e-01,-6.093679919632776221e-01
-2.565842948804771817e-01,-2.595231977660341638e-01
1.861288422997905201e+00,-2.620826294199744666e+00
-1.814719053449316943e+00,-4.948904473162729079e-01
-2.061683850326813117e-01,-5.789696227793109662e-01
-2.101838395066892295e-01,-2.731379106772084397e-01
-5.283540634165550642e+00,-3.600674665062441271e+00
-1.915577945786036240e+00,-7.577329866814756787e-02
1.848825502586359804e-03,-4.598191749677495999e-01
-1.582002638724831212e-01,-2.783809238899963567e-01
-6.827877237983207337e+00,4.468488997548235586e-01
-1.868710084168786922e+00,3.454702561805950145e-01
1.557625175682093577e-01,-2.525583750210676492e-01
-1.021084690332921818e-01,-2.728410493226750555e-01
-4.173749587004395245e+00,4.351123154585378572e+00
-1.661234807370512323e+00,7.528337545466522451e-01
2.103084416373561805e-01,1.039289731167243776e-02
-4.447832192002726392e-02,-2.542732935505367386e-01
2.649520757327135101e+00,2.591941748602828999e-01
-1.248383596291395392e+00,1.090669002798637210e+00
1.472405114792922909e-01,2.710464235053359205e-01
1.094707390797006186e-02,-2.211380357725614421e-01
-3.911286701744746352e+00,-4.489679133170914049e+00
-6.069622032075685514e-01,1.209574387290211606e+00
-1.254018246325228070e-02,4.725203745897655350e-01
5.947568972630823403e-02,-1.732515335639104870e-01
-6.828013654476674965e+00,-6.098555902152076325e-01
1.149757685328376411e-01,8.788808814150463888e-01
-2.227904367974488098e-01,5.847677021838891820e-01
9.609513600526209398e-02,-1.123498268729056226e-01
-5.433362163505092823e+00,3.482723922700929453e+00
4.883919973690575844e-01,5.776185366687763834e-02
-4.372872473827504880e-01,6.090811226759358377e-01
1.164532687274493217e-01,-4.228147148478485912e-02
1.708231747044576920e+00,2.918764096506347272e+00
1.901137269773292005e-01,-8.016390577912256843e-01
-6.257791440658456716e-01,5.652270294709346166e-01
1.179090709976751139e-01,3.139446038388761517e-02
-2.060963562335543564e+00,-4.859654341582406722e+00
-5.173146528746193074e-01,-1.199475443994084012e+00
-7.752688307406467860e-01,4.766054982864999512e-01
1.002703556498274473e-01,1.023920385686374335e-01
-6.612128176677066094e+00,-1.630092615256099942e+00
-1.183398593765411011e+00,-1.122580635162393259e+00
-8.840456300257927280e-01,3.621476327155377928e-01
6.583781745334893465e-02,1.649690924742916731e-01
-6.205225492434555790e+00,2.516557349818016487e+00
-1.625214212913559830e+00,-7.998722654538223953e-01
-9.553559599529722890e-01,2.343954164494380654e-01
1.876992244633762796e-02,2.149758809757058575e-01
-1.889797317967190082e-01,4.457350745207498299e+00
-1.854941472379237899e+00,-3.951604724104030297e-01
-9.932523808507284224e-01,1.006407773032642200e-01
-3.595097165353433599e-02,2.503569696896673635e-01
1.966969901824278111e-02,-4.376328464046521205e+00
-1.919154767445387266e+00,2.701681397536349546e-02
-1.000485284838464883e+00,-3.511840046228664053e-02
-9.353337002317260729e-02,2.710365518007215591e-01
-6.170947520463741398e+00,-2.610928838709965838e+00
-1.835522369767654371e+00,4.483715951281588841e-01
-9.775920488542838571e-01,-1.702016728923790856e-01
-1.500665258331474738e-01,2.783922939887005787e-01
-6.648003604736109295e+00,1.574594463829339874e+00
-1.581561576745619480e+00,8.477599320903452806e-01
-9.228688710798081951e-01,-3.014983197501327483e-01
-2.028022481460693138e-01,2.746020442803108752e-01
-2.143669118480020508e+00,4.887104168723118924e+00
-1.109708948826035435e+00,1.150848150249511148e+00
-8.327204245072403754e-01,-4.235669036261459075e-01
-2.501140546783673368e-01,2.620788408051507590e-01
1.801113092636221324e+00,-2.901067490717927910e+00
-4.214214729797183256e-01,1.179569709828193869e+00
-7.031289190059349936e-01,-5.266455252108660501e-01
-2.912728866147675233e-01,2.430875166258027464e-01
-5.477658378970961195e+00,-3.519463345200436688e+00
2.632514702445045707e-01,7.115507782346834897e-01
-5.327156320269410550e-01,-5.949219996129021526e-01
-3.261813571048799987e-01,2.195544618766533396e-01
-6.869309676180308522e+00,6.878218874909438618e-01
4.790503640656180728e-01,-1.802920933996630948e-01
-3.281076693614982664e-01,-6.065846094951182765e-01
-3.551269908283806176e-01,1.929925485950525210e-01
-3.726688845219187307e+00,4.628306348808656878e+00
3.176031148378744007e-02,-9.562476876957108907e-01
-1.106847037012135271e-01,-5.385766527523812019e-01
-3.785890943398695918e-01,1.645225892660880929e-01
2.716837299405279182e+00,-7.327864247774805717e-01
-7.020187940054859466e-01,-1.218522272060070799e+00
8.004639509597755165e-02,-3.784820120265110499e-01
-3.971074999583518728e-01,1.349298893079489137e-01
-4.512169128669237139e+00,-4.285033164502940473e+00
-1.319012375355552047e+00,-1.056945288003857453e+00
1.948099613398857066e-01,-1.402989202378917832e-01
-4.111984607485305587e-01,1.047324274395969451e-01
-6.931273440392748064e+00,-1.436695477997209924e-01
-1.703363092403561652e+00,-7.013429850333979809e-01
1.972655827007274709e-01,1.299143299340318469e-01
-4.213050399747264585e-01,7.424709977039362085e-02
-4.877257272620168393e+00,4.050196801757271814e+00
-1.887420969024581119e+00,-2.874886621360646655e-01
8.652953287986275832e-02,3.705865249496152480e-01
-4.277705664001753560e-01,4.364777531582102882e-02
2.563984954540106997e+00,1.502863827345900738e+00
-1.913470770956763545e+00,1.369127130968266770e-01
-1.022082351120090493e-01,5.344405619724814649e-01
-4.308247520008154918e-01,1.301363576441536864e-02
-3.288901359280471226e+00,-4.805566032216220584e+00
-1.788859396917620526e+00,5.571199257515163650e-01
-3.196480612369731467e-01,6.061015800574970358e-01
-4.305772974369877493e-01,-1.762612275742884982e-02
-6.867514380537382834e+00,-9.255274866279765700e-01
-1.481669455523876522e+00,9.432078150227447555e-01
-5.255431938960187788e-01,5.971423558241204521e-01
-4.270210474665260270e-01,-4.825822118870051747e-02
-5.672823311579636929e+00,3.368289511480841103e+00
-9.458835798831686237e-01,1.196923485778450535e+00
-6.977386544059098750e-01,5.304927504861496335e-01
-4.200261527467303302e-01,-7.884998930472336687e-02
1.602172752506254128e+00,3.267317990573890274e+00
-2.219556359345440377e-01,1.112058946387884051e+00
-8.290788207190223913e-01,4.281949616147792681e-01
-4.093445793942467881e-01,-1.093100469458540142e-01
-1.882303547279553957e+00,-4.971021987399892872e+00
3.874799448160550774e-01,5.005615272350403266e-01
-9.207507231029741224e-01,3.063705345859122908e-01
-3.946166797207736332e-01,-1.394463392187770268e-01
-6.695382562197658594e+00,-1.660251488050333402e+00
4.190417027619659507e-01,-4.248284094330108673e-01
-9.767399153134995737e-01,1.750195858863188569e-01
-3.753857312800140678e-01,-1.689156935355549116e-01
-6.209911494648977737e+00,2.685407036353297805e+00
-1.567018790735696943e-01,-1.081862811874651609e+00
-1.000688313579666255e+00,3.973413957161612414e-02
-3.511274500383066433e-01,-1.971641843609604761e-01
2.782349539502719793e-01,4.369824744055867072e+00
-8.887524254027916459e-01,-1.208477816465525878e+00
-9.944227827637600603e-01,-9.629545838115610712e-02
-3.213038421261856237e-01,-2.233604050723244083e-01
-4.333095112336717847e-01,-4.708982871471873111e+00
-1.446317698314779854e+00,-9.738558754165926867e-01
-9.574596455593245015e-01,-2.304092347555451170e-01
-2.854520777717693969e-01,-2.463263316666537417e-01
-6.425748265197611886e+00,-2.343661036840939627e+00
-1.772293933497005147e+00,-5.925596237260418730e-01
-8.871199475473616758e-01,-3.586772921570494099e-01
-2.433300166563149014e-01,-2.644824448734034439e-01
-6.565824232643854508e+00,2.044167803121379023e+00
-1.910737361696234204e+00,-1.720792421415631157e-01
-7.793460939251396491e-01,-4.738925202828131455e-01
-1.951126592670465176e-01,-2.758480293738574396e-01
-1.056798262020022250e+00,4.895545839433178337e+00
-1.896477048469472404e+00,2.538185951784588390e-01
-6.308191931942113140e-01,-5.637064726464021680e-01
-1.416443810491190280e-01,-2.781135656987273053e-01
8.832094841962945253e-01,-4.028144764323953630e+00
-1.725606346068890851e+00,6.707590964631894304e-01
-4.429902380647900983e-01,-6.093122605632828037e-01
-8.471132794975477776e-02,-2.688684824762764825e-01
-6.069835163565951319e+00,-2.966666506756859611e+00
-1.357675116341421351e+00,1.035471260564401641e+00
-2.284325180054802562e-01,-5.872628113218704149e-01
-2.724331258077333784e-02,-2.460123970189372067e-01
-6.795926651001849450e+00,1.460116737569085554e+00
-7.556984928767167542e-01,1.220299596326626768e+00
-1.695367999209285159e-02,-4.773981629484357336e-01
2.668276938069114035e-02,-2.083425213786707364e-01
-2.223636031383172007e+00,5.026298764574734790e+00
-1.719098297873333792e-02,9.972515098237263453e-01
1.453566344728953741e-01,-2.775866197465798324e-01
7.218395959362278180e-02,-1.562037462250080999e-01
1.915712246233702842e+00,-3.030636893146470001e+00
4.716036592170205211e-01,2.491025992074221984e-01
2.116471735688632005e-01,-1.704421933554889010e-02
1.043260640097923853e-01,-9.197459604300765867e-02
-5.643045412948501927e+00,-3.517037982239143545e+00
3.045212251140414494e-01,-6.609244314832644074e-01
1.598241047054365094e-01,2.475426261405098138e-01
1.191612389009276685e-01,-2.009817844021105290e-02
-6.938330653537869708e+00,9.373078328078489063e-01
-3.677088912980113200e-01,-1.170831940749152089e+00
7.229044208803436788e-03,4.574307259756166255e-01
1.147347953933249842e-01,5.350601097294199054e-02
-3.170029005457768889e+00,4.929287853779769080e+00
-1.071575120019833571e+00,-1.169387211880571265e+00
-2.010036863025206344e-01,5.791369367446258520e-01
9.163730109158296777e-02,1.225756851428520255e-01
2.590903550410390110e+00,-1.878644273259827635e+00
-1.562683456069799970e+00,-8.746029065751109721e-01
-4.174423910039726238e-01,6.113062201069416890e-01
5.282912025446734328e-02,1.817483793236409628e-01
-5.168160408987780841e+00,-3.983308452597745131e+00
-1.830553701321605331e+00,-4.742145092278379215e-01
-6.098504783988109024e-01,5.727307939430567041e-01
2.843722604407294963e-03,2.274790051351565645e-01
-7.019480848424072938e+00,4.767487515724751490e-01
-1.923271891664398048e+00,-4.910117145419621437e-02
-7.637085712769423607e-01,4.870719193871160257e-01
-5.328796515594597105e-02,2.583466545703778650e-01
-3.906102796871909977e+00,4.722947492292673743e+00
-1.865711127324065410e+00,3.774052532094024359e-01
-8.765226029230549498e-01,3.739530974223249649e-01
-1.109788578562188044e-01,2.747851886638073560e-01
2.925566739009063610e+00,-7.345448281619209041e-01
-1.642040417764835336e+00,7.875499817423287086e-01
-9.513073121360857698e-01,2.465457805252215251e-01
-1.666525006744730419e-01,2.784875294946562718e-01
-4.673932148684105670e+00,-4.359169826861490016e+00
-1.205651631206760888e+00,1.118979245776408282e+00
-9.921537502782075135e-01,1.126113905469661586e-01
-2.179134677886898352e-01,2.717607852228366427e-01
-7.059170287538498734e+00,7.874117144959590087e-02
-5.402465771258704308e-01,1.210000443531293879e+00
-1.001996463155467643e+00,-2.360593741751022476e-02
-2.634342350721076698e-01,2.570070866695850498e-01
-4.463388910951168853e+00,4.482790267483959923e+00
1.790962640159410313e-01,8.267936968082324478e-01
-9.816054280040135138e-01,-1.593740021900453274e-01
-3.027056488543060087e-01,2.364098065358368472e-01
2.999649763436629257e+00,2.817982117109016360e-01
4.994052886662427859e-01,-3.304774693392632107e-02
-9.294187899155492705e-01,-2.916499178351875110e-01
-3.357737929160943269e-01,2.117728324295818643e-01
-4.193190370233663700e+00,-4.645082571065938026e+00
1.371447173734443581e-01,-8.721191990258959637e-01
-8.419505478599531578e-01,-4.152152196484102387e-01
-3.630027975940117169e-01,1.844875513764431540e-01
-7.072467653048837732e+00,-2.559945737806937904e-01
-5.916608402291103630e-01,-1.218272268680855586e+00
-7.151161412653843641e-01,-5.206639204543835886e-01
-3.849035238778351076e-01,1.555670669249797911e-01
-4.875981636600758229e+00,4.253489871346920914e+00
-1.244971183848682550e+00,-1.102751662484995121e+00
-5.471552896490868845e-01,-5.926080539464906316e-01
-4.020170090328775148e-01,1.257084656538715317e-01
2.916623777738070800e+00,1.108197161555746213e+00
-1.665938573239887477e+00,-7.608341826903638472e-01
-3.439066494776691352e-01,-6.094469139936556923e-01
-4.148421294252946923e-01,9.536201675971847647e-02
-3.759483285739285918e+00,-4.849900470584119994e+00
-1.876780565313509896e+00,-3.468947867610499558e-01
-1.255506022493043661e-01,-5.477876233553895524e-01
-4.237944585327114710e-01,6.479531246084664631e-02
-7.071769711375451628e+00,-5.256133141935639408e-01
-1.923162793106371504e+00,8.133831455074091998e-02
6.943054992682240467e-02,-3.938283188692085490e-01
-4.291841195286810740e-01,3.414797580281784400e-02
-5.172001378428088714e+00,4.060934698520166641e+00
-1.818058668551192580e+00,5.070967659127180172e-01
1.915566056006019480e-01,-1.592706170709777824e-01
-4.312032237056546147e-01,3.480001227307033367e-03
2.770834673704614559e+00,1.727388348170973975e+00
-1.533729514417292661e+00,9.045366273510313526e-01
2.024540130150247474e-01,1.115792739757440061e-01
-4.299278329087529715e-01,-2.718758058156115626e-02
-3.402469917745500450e+00,-4.988322390240454318e+00
-1.022131874477764768e+00,1.185548959113445822e+00
9.837709978144837386e-02,3.569292895290291923e-01
-4.253119113915511118e-01,-5.784030577036089471e-02
-7.067376657861538902e+00,-7.282686247907480537e-01
-3.048616668355776937e-01,1.152916295263179514e+00
-8.723237874183942253e-02,5.274170411620787702e-01
-4.171882459247170383e-01,-8.843107208300063360e-02
-5.372764589766556576e+00,3.920480274110804242e+00
3.475838905133215029e-01,5.967576660225931695e-01
-3.049457970662630135e-01,6.053105135444215579e-01
-4.052728209401886272e-01,-1.188418312728427711e-01
2.634976294447151091e+00,2.146107425069360364e+00
4.578773939456239894e-01,-3.287485531964250973e-01
-5.131778083342110053e-01,6.009139168346845361e-01
-3.891733007925181065e-01,-1.488389731499467905e-01
-3.146611126333721309e+00,-5.076823496423958915e+00
-7.533160732707955276e-02,-1.043147541129348488e+00
-6.884568283982777093e-01,5.369976601805362959e-01
-3.684072586115535453e-01,-1.780198947117233588e-01
-7.067079415196372949e+00,-8.617933473677268363e-01
-8.182996256156177539e-01,-1.222591659486096605e+00
-8.228363183038425177e-01,4.360097072895155468e-01
-3.424381886545309062e-01,-2.057506598008746468e-01
-5.492496787719596263e+00,3.840721894287312033e+00
-1.404345977139213497e+00,-1.011171045487190057e+00
-9.171462666071893421e-01,3.145745557458075048e-01
-3.107385880260668531e-01,-2.310973318654739872e-01
2.556890472602724174e+00,2.379218065179797836e+00
-1.754346000230240232e+00,-6.342135449943909764e-01
-9.753320606228981227e-01,1.830961703632450199e-01
-2.728967100624506981e-01,-2.527565015616542454e-01
-3.009343591398971007e+00,-5.130330849063230225e+00
-1.909547417711369599e+00,-2.111627413550388743e-01
-1.001132514453945355e+00,4.741676395715306580e-02
-2.287776207338043932e-01,-2.690211910065242185e-01
-7.076609103061225703e+00,-9.236770200617382409e-01
-1.908107411061179759e+00,2.190187395994540043e-01
-9.964946949777908625e-01,-8.917661083982875159e-02
-1.787365370894176131e-01,-2.777882456949297141e-01
-5.538310094537910899e+00,3.826915952986532865e+00
-1.749690352045884634e+00,6.416560464876723824e-01
-9.610652440594114054e-01,-2.239877085709270632e-01
-1.238881770125083714e-01,-2.766801503251015704e-01
2.562252702645722024e+00,2.436309856595314294e+00
-1.395646656919748985e+00,1.016995478937374298e+00
-8.922586258680506033e-01,-3.531693733787251710e-01
-6.636663366237594008e-02,-2.633264941915806068e-01
-3.000921212522858816e+00,-5.157239057909384528e+00
-8.052190500287477182e-01,1.223794954619081388e+00
-7.860417623218802774e-01,-4.697113513938406260e-01
-9.481460491678028735e-03,-2.358364301802815532e-01
-7.098762712299994782e+00,-9.118620809298285668e-01
-6.097851806940846053e-02,1.035179186106759630e+00
-6.389523869870423756e-01,-5.614466658847035996e-01
4.237377687968280071e-02,-1.934262375740659345e-01
-5.511483540419561677e+00,3.882041032988110985e+00
4.648282446447891125e-01,3.110405663783166741e-01
-4.521135709764071975e-01,-6.097619049848359563e-01
8.419313410153261845e-02,-1.370502488289846998e-01
2.658483908406111595e+00,2.315983671743912620e+00
3.409858086431976076e-01,-6.150533867184696524e-01
-2.375176301260885081e-01,-5.911750863908564746e-01
1.112261785602458586e-01,-6.976919433057951481e-02
-3.125361284850709520e+00,-5.157052614695907700e+00
-3.199918518584361493e-01,-1.162350536644804810e+00
-2.430350234072342630e-02,-4.849871450047462673e-01
1.200522961817805934e-01,3.401419983778239571e-03
-7.132978607684862915e+00,-8.242153414463051497e-01
-1.037817224825543061e+00,-1.185347489914385655e+00
1.416340454805644633e-01,-2.879420678926709054e-01
1.094995450022386851e-01,7.628953845670727318e-02
-5.406701619858941932e+00,4.006592690440665017e+00
-1.546253515622199037e+00,-8.978524337825632973e-01
2.127281423352209710e-01,-2.802138997396638048e-02
8.096409272965521264e-02,1.427804289307671171e-01
2.832999824965385827e+00,2.005128721461358232e+00
-1.826577528462974387e+00,-4.962735027227829221e-01
1.653330337611933487e-01,2.384801092590969895e-01
3.802150709122392724e-02,1.980087512995867827e-01
-3.378965090196206056e+00,-5.120585697890065902e+00
-1.927239209718086155e+00,-6.737337475601706815e-02
1.534415484353157666e-02,4.519847327597799058e-01
-1.451114128775554679e-02,2.390981655691407082e-01
-7.175822597893813715e+00,-6.584576662494306953e-01
-1.875130946449902858e+00,3.635136308132972949e-01
-1.924422475577894920e-01,5.775455368270324685e-01
-7.164996317379429547e-02,2.652666514807905385e-01
-5.211002919566642078e+00,4.198580799403391239e+00
-1.655838448557035658e+00,7.787810511631896304e-01
-4.099934856494734658e-01,6.127460200619071484e-01
-1.290840053838624990e-01,2.774222484642738240e-01
3.049898519949181264e+00,1.480457860870910247e+00
-1.222669454489948127e+00,1.117427235598864810e+00
-6.042207366383370859e-01,5.760606417115858857e-01
-1.836071796235019538e-01,2.775247980933444603e-01
-3.749982095038508323e+00,-5.030527688938190245e+00
-5.566366828395968858e-01,1.218781529984885648e+00
-7.599691168687993104e-01,4.912665312263813644e-01
-2.331830747405400917e-01,2.679607320262124559e-01
-7.220210871103935446e+00,-4.125594265682830386e-01
1.718617935559527687e-01,8.452399676224082725e-01
-8.744323912901048601e-01,3.783454179730122990e-01
-2.767703761024097320e-01,2.510936672305780215e-01
-4.903576268180445119e+00,4.451238862832585852e+00
5.073452689060711229e-01,-1.560488153640077202e-02
-9.505415968893509149e-01,2.507528074042758015e-01
-3.140677351263070349e-01,2.289980649475616692e-01
3.245015326183111171e+00,7.177501133268577860e-01
1.524007188679270541e-01,-8.670278037158131168e-01
-9.924317712583153872e-01,1.164173404275902629e-01
-3.452445033506617023e-01,2.033469258162937388e-01
-4.218237136824071420e+00,-4.864900882765766710e+00
-5.809734259331694739e-01,-1.223533058867235290e+00
-1.003085287527791136e+00,-2.030355610441289885e-02
-3.707281126066757082e-01,1.754071193730070699e-01
-7.255307597978640999e+00,-8.427173308830199217e-02
-1.241966313434265334e+00,-1.110478121861956380e+00
-9.833414497376509189e-01,-1.566352116761473567e-01
-3.910500420457467263e-01,1.460845602306085067e-01
-4.453839846047751294e+00,4.748927712880202989e+00
-1.668235955214201871e+00,-7.662178870737215153e-01
-9.316899581882400749e-01,-2.895373766953817651e-01
-4.067445915954929214e-01,1.159907900809938053e-01
3.320356994651113780e+00,-2.899439596949230369e-01
-1.881455233130467031e+00,-3.483415747238761684e-01
-8.446329657878542951e-01,-4.138192674588815900e-01
-4.182878640692974104e-01,8.551161921089218965e-02
-4.754324136955331959e+00,-4.602567409180021940e+00
-1.927826003255242338e+00,8.414113768161374241e-02
-7.180854354821504248e-01,-5.201022572099722741e-01
-4.260637923684738038e-01,5.486815776023097613e-02
-7.266849869983991184e+00,3.291550680764504522e-01
-1.820390452884804500e+00,5.140008825471861220e-01
-5.502036856223344596e-01,-5.930180678065306576e-01
-4.303441304366150688e-01,2.416995531977508133e-02
-3.819980806354605907e+00,5.060514306987410116e+00
-1.530753191839185012e+00,9.144536537257904607e-01
-3.466722054125684349e-01,-6.109516207741337857e-01
-4.312855815028643347e-01,-6.537912914384757038e-03
3.150206908218182278e+00,-1.507012747167755906e+00
-1.010469326561557413e+00,1.194622874884093910e+00
-1.275530943128129202e-01,-5.503010988007425164e-01
-4.289244834638858972e-01,-3.724152893745111964e-02
-5.321929648444065464e+00,-4.227352001209002452e+00
-2.845094575463169573e-01,1.152564332394782953e+00
6.867663531267842458e-02,-3.969656232174442745e-01
-4.231745644890286262e-01,-6.791893293138749621e-02
-7.235677514124049914e+00,8.308479197298116459e-01
3.658234042084913540e-01,5.788029393987382809e-01
1.922774177105059934e-01,-1.623331526892335397e-01
-4.138298725905467101e-01,-9.850376307779387663e-02
-2.952132250141636938e+00,5.326664772580322449e+00
4.576586304762662039e-01,-3.568759161413301295e-01
2.043871902857632428e-01,1.093676827842097188e-01
-4.005694565956384734e-01,-1.288447757435856322e-01
2.609157889482476733e+00,-2.828519858162215517e+00
-9.404202284161478076e-02,-1.062687972295532024e+00
1.008314537247270160e-01,3.559917979858639447e-01
-3.829684513971680637e-01,-1.586584404399750681e-01
-5.881962753931420096e+00,-3.731341325515171281e+00
-8.422090119740274217e-01,-1.226480864697533368e+00
-8.500616600845345427e-02,5.276794712787234998e-01
-3.605213373734035831e-01,-1.874724259014266259e-01
-7.135568789125226630e+00,1.424532485019480044e+00
-1.424679527626577347e+00,-1.003409831938342434e+00
-3.033973180785386470e-01,6.063664405732914764e-01
-3.326851944364890290e-01,-2.145606306314418177e-01
-1.803770995239827979e+00,5.440251629102013098e+00
-1.768791924134869076e+00,-6.193869472499387019e-01
-5.124580634737174734e-01,6.022661527607838794e-01
-2.989562277051131534e-01,-2.388703388082464019e-01
1.623352359308281478e+00,-4.072886505355402420e+00
-1.917681882406447658e+00,-1.914006853380013085e-01
-6.884696137311866471e-01,5.382585805005694057e-01
-2.589960004899140023e-01,-2.589680529977369527e-01
-6.396949563109009418e+00,-3.116061507125780228e+00
-1.908569781866858772e+00,2.430059499362315079e-01
-8.233898825174704728e-01,4.369416102980067107e-01
-2.128034130748919228e-01,-2.730072216737206015e-01
-6.929524391140062356e+00,2.113777855860425881e+00
-1.738931980681621026e+00,6.686436954452356085e-01
-9.180505599188755195e-01,3.150540480697283097e-01
-1.609567250691180396e-01,-2.787707764675256272e-01
-3.651009556463629124e-01,5.224536283763235645e+00
-1.368056748500792397e+00,1.041852795733459791e+00
-9.763753941797084224e-01,1.830551270679079134e-01
-1.048846436330167220e-01,-2.738411146672993235e-01
2.247328691058809724e-01,-5.020949046554894046e+00
-7.575586588116117737e-01,1.232610380150900520e+00
-1.002147687636749218e+00,4.684177821769398148e-02
-4.710635147417274737e-02,-2.559434248949116752e-01
-6.834350295784488161e+00,-2.389030438704106807e+00
-6.552847683827245362e-03,1.006934455179584020e+00
-9.973194150792306090e-01,-9.026675212175175322e-02
8.677533669157411200e-03,-2.234794124198853926e-01
-6.562731773745735353e+00,2.897233153694249719e+00
4.880206923089982496e-01,2.445366609106444100e-01
-9.615138586475906468e-01,-2.255737265255315926e-01
5.779197343555786404e-02,-1.761803384916486304e-01
1.263201423144890256e+00,4.431153473249742625e+00
3.106930056915517824e-01,-6.786247760151531416e-01
-8.921125101899465282e-01,-3.551647700450574208e-01
9.519840220924680185e-02,-1.156822975453411645e-01
-1.434308466725580100e+00,-5.493873447325756665e+00
-3.771789638700799863e-01,-1.187492245896121457e+00
-7.850600082753388387e-01,-4.719399949959159346e-01
1.164602124878897360e-01,-4.575190550639201409e-02
-7.167148507945244162e+00,-1.559000449328056703e+00
-1.089624219126006155e+00,-1.175893763566046246e+00
-6.369099627768570748e-01,-5.635935491340293702e-01
1.188296316212014148e-01,2.808796043157619007e-02
-5.952471602290112962e+00,3.757558895092146134e+00
-1.581991496819217913e+00,-8.700773817988498582e-01
-4.488812193053280941e-01,-6.112808457699085984e-01
1.019853626379995104e-01,9.953403079963474287e-02
2.762354355631915226e+00,2.815869136948812024e+00
-1.846930898227471474e+00,-4.600197979585918806e-01
-2.332860911608001242e-01,-5.913761828198605963e-01
6.813049681693023052e-02,1.627631599307100829e-01
-3.130344089242131034e+00,-5.423184454557831380e+00
-1.933634391348897363e+00,-2.609188435428661315e-02
-1.974852407335525584e-02,-4.832121722732753977e-01
2.137920877396787267e-02,2.135168744672416297e-01
-7.370753498675061799e+00,-6.311271471598955962e-01
-1.865727501473509742e+00,4.085799206190645627e-01
1.453932125612829029e-01,-2.839719472639790632e-01
-3.327595202418331954e-02,2.496341679704934813e-01
-4.977433028431761386e+00,4.634506214140340141e+00
-1.624534393473495042e+00,8.239584276729792212e-01
2.144697217994575578e-01,-2.243608443630221161e-02
-9.099444902018569148e-02,2.709610839336701882e-01
3.555451903018953530e+00,3.639567934137837302e-01
-1.161489106102984170e+00,1.149957075404647755e+00
1.644267792146671958e-01,2.444001209394012497e-01
-1.478003622698837449e-01,2.788334243053183226e-01
-4.656091133102874480e+00,-4.862700141253495367e+00
-4.686231261791489189e-01,1.210553568485962739e+00
1.207690258613958179e-02,4.568905807880908609e-01
-2.008841558240792580e-01,2.754163027540020847e-01
-7.413887371974758445e+00,3.970799181846065284e-01
2.474400377982264310e-01,7.690321347760765702e-01
-1.971813925137831935e-01,5.806295442406437246e-01
-2.485640942175460777e-01,2.631336930639225913e-01
-3.483036131366314070e+00,5.364945733362216806e+00
5.081930851284357509e-01,-1.317244490122119194e-01
-4.152194288272325062e-01,6.138439143727409952e-01
-2.900800013007768241e-01,2.442779256616895711e-01
3.054649943648458432e+00,-2.432267188339139796e+00
7.734273070126307381e-02,-9.464521988628791238e-01
-6.092230770993846134e-01,5.754180499319102582e-01
-3.253148385429434630e-01,2.207962449879695421e-01
-5.882569369050925090e+00,-3.937917574324448999e+00
-6.731386708327377066e-01,-1.236645416051841639e+00
-7.643591716371964662e-01,4.892904801539604276e-01
-3.545455291149810506e-01,1.942252818463174047e-01
-7.243439853738224521e+00,1.534711458425866759e+00
-1.312771726379623249e+00,-1.079692110703452279e+00
-8.780404334418198120e-01,3.753483731101918686e-01
-3.782489133882748211e-01,1.657049049796185669e-01
-1.355521605026545728e+00,5.583439356917584639e+00
-1.711748288696342879e+00,-7.160151123205793500e-01
-9.532911513414339399e-01,2.469629380842222888e-01
-3.969672133430803274e-01,1.360343815967023362e-01
1.187954833961726742e+00,-4.664576452576514320e+00
-1.901816793739249167e+00,-2.901183614555785106e-01
-9.942595778574402354e-01,1.119783797170849915e-01
-4.112217922443539009e-01,1.057426537899461005e-01
-6.764917088149619673e+00,-2.778599383138029122e+00
-1.926922271704321732e+00,1.470622917303373023e-01
-1.003886247273989563e+00,-2.530999730486640717e-02
-4.214612974848952476e-01,7.515411694772837492e-02
-6.760680490679471966e+00,2.785347221247127525e+00
-1.794260619020971781e+00,5.793666635887876337e-01
-9.829099471260984711e-01,-1.620982458224629608e-01
-4.280316812398063386e-01,4.444685969645113116e-02
1.222475566533204550e+00,4.661464616267535277e+00
-1.469730620207809091e+00,9.735792760774417687e-01
-9.297456036451996475e-01,-2.952855011220456571e-01
-4.311675398641010570e-01,1.370607784585736733e-02
-1.404170032105718224e+00,-5.640566989346028848e+00
-9.068479888304481484e-01,1.222109460650793844e+00
-8.408381325349010282e-01,-4.195123620968964073e-01
-4.309850685360723244e-01,-1.703931949985238586e-02
-7.308014567583342114e+00,-1.473265720224625985e+00
-1.589926160573553737e-01,1.104623678728544611e+00
-7.120767424017842018e-01,-5.251285593871242163e-01
-4.274775878205788193e-01,-4.777608779708626685e-02
-5.787606939194401612e+00,4.104206080304432014e+00
4.370458415196463164e-01,4.397164289104362744e-01
-5.418256459287584814e-01,-5.963752978820503481e-01
-4.205173004414394788e-01,-7.847077967053127379e-02
3.335061787026292635e+00,2.030855771119236763e+00
4.092313427180220842e-01,-5.087233183236897771e-01
-3.363054654283608724e-01,-6.112875724128822297e-01
-4.098577206800412265e-01,-1.090322993456221135e-01
-3.880109103534644444e+00,-5.344597009147954658e+00
-2.174118860241598394e-01,-1.134113119224327892e+00
-1.164998412651491178e-01,-5.462650944114953999e-01
-3.951398644324956577e-01,-1.392691074326354861e-01
-7.518475401542376702e+00,-5.651962077372203741e-02
-9.599759753128005446e-01,-1.214350288140848999e+00
7.803457257201951158e-02,-3.879433163585250255e-01
-3.759069112745037633e-01,-1.688385841343529314e-01
-4.048058536329007140e+00,5.281908568674406723e+00
-1.505033381510130219e+00,-9.470150712223401879e-01
1.972162697462132019e-01,-1.493901475397901857e-01
-3.516331029680942466e-01,-1.971875491559180182e-01
3.463692646694811472e+00,-1.796458337751511092e+00
-1.813110036718660778e+00,-5.458422236687311413e-01
2.032088595263039643e-01,1.234574697466754994e-01
-3.217771158706117518e-01,-2.234813046682220528e-01
-5.752304443947281243e+00,-4.207812177110885621e+00
-1.932315045932354591e+00,-1.109744855609705594e-01
9.391785222696191759e-02,3.679931524449168156e-01
-2.858778631012393046e-01,-2.465408731165536216e-01
-7.354590441841726722e+00,1.478931412362274544e+00
-1.894004944223492526e+00,3.274048759289376331e-01
-9.557600851944703102e-02,5.354227966677310713e-01
-2.436884265890311985e-01,-2.647872872555404600e-01
-1.297246606195685992e+00,5.700435367627395777e+00
-1.687467644541876588e+00,7.521827557805351727e-01
-3.151401240750563715e-01,6.093651092480422138e-01
-1.953806720091713911e-01,-2.762313548854087308e-01
1.114241812769468432e+00,-4.874646020373512911e+00
-1.266657765899744215e+00,1.106544010364451269e+00
-5.235178218643153913e-01,6.012231736421627115e-01
-1.417993191625803173e-01,-2.785559324787013069e-01
-6.936054882713677650e+00,-2.660428833404215432e+00
-6.058195144414615374e-01,1.235002491246381284e+00
-6.978864090512045815e-01,5.342404503031388252e-01
-8.473323513112906991e-02,-2.693407263156855636e-01
-6.665000588081523958e+00,3.137993452402271455e+00
1.407166813144198336e-01,8.940311674214145299e-01
-8.308232343144359433e-01,4.309214121895522109e-01
-2.711962082593205592e-02,-2.464749569979325650e-01
2.035133257912223215e+00,4.178320959333333917e+00
5.195279525825990952e-01,4.175881420826756119e-02
-9.234765203506682951e-01,3.077096354685672219e-01
2.695258800686289868e-02,-2.087475174294731173e-01
-2.264803386270628494e+00,-5.777123038747293826e+00
1.957318407192434329e-01,-8.390739648679712559e-01
-9.798849376257682264e-01,1.748111248300782128e-01
7.258448698530917120e-02,-1.565005835809572254e-01
-7.516625945895595962e+00,-9.344472266945256234e-01
-5.412649942681823090e-01,-1.229396765543897319e+00
-1.003736333057560159e+00,3.792806752241123514e-02
1.048139929631775047e-01,-9.212102493159929351e-02
-5.117699543447793431e+00,4.791481330864025168e+00
-1.220978933998361438e+00,-1.130893534770051057e+00
-9.968590850777218071e-01,-9.967814182217044072e-02
1.196816082865942432e-01,-2.007297738319632416e-02
3.860178103982327968e+00,8.447320028138420589e-02
-1.663118803476255403e+00,-7.866244436633709203e-01
-9.587217477992803216e-01,-2.352614262150862501e-01
1.152261317231327853e-01,5.370737750177372039e-02
-5.064993914413514986e+00,-4.858302012756849919e+00
-1.885731802827711912e+00,-3.630518349511697718e-01
-8.865415121140955979e-01,-3.647293895161323185e-01
9.203952285004057821e-02,1.229311071817343753e-01
-7.543978106097410929e+00,9.145390774514194909e-01
-1.936493499279190011e+00,7.652864019080519997e-02
-7.762156975710418072e-01,-4.806036907632628696e-01
5.309845862576501041e-02,1.822163566141999091e-01
-2.249727560659206205e+00,5.816002961415268402e+00
-1.829721332010635360e+00,5.136363795062112159e-01
-6.244518553801753358e-01,-5.700582608510718075e-01
2.956856381389760813e-03,2.280087493700979628e-01
2.031138669391316043e+00,-4.300845873865962510e+00
-1.536965768210607930e+00,9.208707961115928375e-01
-4.330820311005053602e-01,-6.136881851106287256e-01
-5.333450389551747106e-02,2.588875714188959565e-01
-6.787287613742365444e+00,-3.084148173675026250e+00
-1.008861746052201358e+00,1.205289146808320444e+00
-2.156029445802791766e-01,-5.875544052657118987e-01
-1.111730869772711849e-01,2.752946782523611469e-01
-6.893222991227936802e+00,2.900571972591124759e+00
-2.717229137103607250e-01,1.159844340563199294e+00
-3.296330847033956957e-03,-4.716649657325994172e-01
-1.669755122908120615e-01,2.789314981674103078e-01
1.722202424999816017e+00,4.593739925446872263e+00
3.837815893928255839e-01,5.716427964256191041e-01
1.563563677942030328e-01,-2.652980278420628557e-01
-2.183381687518320124e-01,2.721142240275034596e-01
-1.949943597886788726e+00,-5.881947459179974302e+00
4.643987590195064463e-01,-3.782627087784370956e-01
2.164069877046990165e-01,-9.178223961319362223e-05
-2.639341525645332864e-01,2.572596283616873647e-01
-7.575624224706250409e+00,-1.028384834733856446e+00
-1.052415004288427269e-01,-1.082742420702151431e+00
1.566200508620587684e-01,2.652202272953521622e-01
-3.032591352235893822e-01,2.365544947498968709e-01
-5.136661801947351336e+00,4.878743598929518477e+00
-8.628203962848607356e-01,-1.234482173212385847e+00
-2.944495774954258849e-03,4.718631220622052092e-01
-3.363604371662874959e-01,2.118062976146752596e-01
3.975339044798221977e+00,-1.167726978265141435e-01
-1.445748025088946509e+00,-9.992520186971800555e-01
-2.153814863234750909e-01,5.880077179142921828e-01
-3.636049050509096991e-01,1.844091548468593522e-01
-5.264289669329214050e+00,-4.820446940581938122e+00
-1.786118666564899371e+00,-6.057867943440172764e-01
-4.331227518271281718e-01,6.142534614717534147e-01
-3.855058331383849901e-01,1.553774618934603557e-01
-7.576011131241543239e+00,1.164403956027073805e+00
-1.929070215527624255e+00,-1.699633290729662405e-01
-6.247708883377623978e-01,5.705689649833820543e-01
-4.026060716732581257e-01,1.254086309667139243e-01
-1.632574405187746880e+00,5.917810509795288887e+00
-1.911023852099343889e+00,2.716244479325718442e-01
-7.767497289569534891e-01,4.809330524092572667e-01
-4.154056957192102106e-01,9.495205615913324126e-02
1.409604567267131792e+00,-4.934215878589037985e+00
-1.726912423137850094e+00,7.026976776242860323e-01
-8.872053100138572734e-01,3.648062977263303308e-01
-4.243181090086920459e-01,6.427394785744731942e-02
-7.096465193255275139e+00,-2.678231870684595339e+00
-1.333371416136066134e+00,1.074157783885340889e+00
-9.593907162278734191e-01,2.350498316843926683e-01
-4.296530004810296677e-01,3.351639752128041105e-02
-6.611457296429659181e+00,3.495914958461167288e+00
-6.956641205527370753e-01,1.243831681249365717e+00
-9.974576194234112680e-01,9.917958910301849507e-02
-4.316039821580492930e-01,2.738705926394583139e-03
2.865784757035855890e+00,3.572996587793052292e+00
6.381168682383053792e-02,9.685321948715741591e-01
-1.004172416036924087e+00,-3.869864722195529710e-02
-4.302423735586954345e-01,-2.803913667763267836e-02
-3.179696863652544891e+00,-5.831026919662290808e+00
5.154685182935407894e-01,1.567052992086119256e-01
-9.800688840597261420e-01,-1.758254412933411837e-01
-4.255175799359660060e-01,-5.880062737931528866e-02
-7.733189704009278742e+00,-2.586734602139398875e-01
2.683458927950135298e-01,-7.599782616495784904e-01
-9.233084316847885997e-01,-3.089210216123263186e-01
-4.172585607193504686e-01,-8.949668244266725803e-02
-3.995414023175985818e+00,5.583718934039403337e+00
-4.527539007819016970e-01,-1.218047505162749955e+00
-8.301884724439416718e-01,-4.322484805099013894e-01
-4.051773820874559062e-01,-1.200053565395098470e-01
3.551091287568008070e+00,-2.512138787722993705e+00
-1.157618769723226748e+00,-1.161982817374971777e+00
-6.966645850368682336e-01,-5.355471232868092013e-01
-3.888773197112342928e-01,-1.500865549838191759e-01
-6.302117030203953085e+00,-3.978947169356827906e+00
-1.629359580580529876e+00,-8.321105342729935295e-01
-5.216023978236224989e-01,-6.022451334102311149e-01
-3.678708471492542764e-01,-1.793285895970683774e-01
-7.317327556638608677e+00,2.311111496607618943e+00
-1.874229138769513581e+00,-4.099252462412417142e-01
-3.125313857758593716e-01,-6.097620860947063903e-01
-3.416170163960593475e-01,-2.070814662439859344e-01
8.105885383847262204e-01,5.390363420439756581e+00
-1.941704192548113328e+00,3.207450100949907346e-02
-9.249888310225196086e-02,-5.347476697100902454e-01
-3.095920370845644531e-01,-2.323938383928110529e-01
-1.072201036645820338e+00,-5.993157398341028674e+00
-1.850622224476404787e+00,4.730035227472197956e-01
9.692027306110495566e-02,-3.659008560240940011e-01
-2.713900584519326475e-01,-2.539442898810160276e-01
-7.642621243554610366e+00,-1.351163810485507488e+00
-1.576238383392241760e+00,8.882679715053635183e-01
2.053485502731582368e-01,-1.199657173563322410e-01
-2.268894920341609223e-01,-2.699985178943158370e-01
-5.346901682896426422e+00,4.904160228814850697e+00
-1.068368303696332289e+00,1.192944490111525147e+00
1.977822936805970766e-01,1.537468052418904108e-01
-1.764755645658645233e-01,-2.784288700931670801e-01
4.175292116456057911e+00,-7.450277576963375281e-02
-3.392926338938335729e-01,1.188389821435436255e+00
7.676110670449687312e-02,3.922890017565129894e-01
-1.213075960538459730e-01,-2.768412812926266398e-01
-5.437308765886014861e+00,-4.870585993934017921e+00
3.474855240843091053e-01,6.468385865693062620e-01
-1.193725627102817377e-01,5.497719015649591423e-01
-6.357930041405052135e-02,-2.628656089333931134e-01
-7.644330828912281994e+00,1.461284437843270334e+00
4.920358145783119141e-01,-2.989563163916480470e-01
-3.401813669367421133e-01,6.134849850311832054e-01
-6.667617554528715296e-03,-2.346398074933380706e-01
-7.876873863015099175e-01,5.995690236445348376e+00
-4.007105957632561832e-02,-1.048663753969800272e+00
-5.461290734897658039e-01,5.971227883122037783e-01
4.497494700726284433e-02,-1.914424910055980145e-01
5.077399335056451690e-01,-5.633258631841604469e+00
-8.048005433745240023e-01,-1.244453873785148490e+00
-7.163470402935052661e-01,5.245035756243462410e-01
8.630628949131080585e-02,-1.343260992074112314e-01
-7.486808191036477211e+00,-2.090172644107509914e+00
-1.410615063144333714e+00,-1.029214243664796413e+00
-8.447599655265065621e-01,4.176680102151489882e-01
1.125991866650847273e-01,-6.647028569115803753e-02
-6.041794186439548575e+00,4.384414804752663208e+00
-1.770699390212267854e+00,-6.399624001849869570e-01
-9.331004419239445902e-01,2.923692725771103174e-01
1.205141209713251893e-01,7.013842741064362819e-03
4.074158784634207109e+00,1.484402976765978099e+00
-1.927610250046428275e+00,-2.025757599515595198e-01
-9.855164051919593771e-01,1.582272766868544900e-01
1.089936699678092369e-01,7.990191789272130252e-02
-4.790295730482794667e+00,-5.369328969894588077e+00
-1.920527598828923876e+00,2.420436794077973353e-01
-1.005544640818532010e+00,2.056199370406765550e-02
7.956399231701460906e-02,1.460896951908984276e-01
-7.793737875207148669e+00,9.819101371669436418e-01
-1.747544283642719520e+00,6.775201792909978371e-01
-9.947158282729808843e-01,-1.174811120655050167e-01
3.590325135837302284e-02,2.007800513990266322e-01
-1.609794698601937135e+00,6.153042231137401785e+00
-1.366759829352597322e+00,1.058138793064446359e+00
-9.522099361608474810e-01,-2.530741336038764278e-01
-1.711860196860531813e-02,2.411955444150206684e-01
1.318692001741396780e+00,-5.303540994648588303e+00
-7.395997707786553521e-01,1.247871708269850277e+00
-8.749929063246583150e-01,-3.817598487444318067e-01
-7.451513001947662751e-02,2.666539342702362037e-01
-7.407905245323042287e+00,-2.448251723593069418e+00
2.605730898874547563e-02,1.003949374464550459e+00
-7.588739787601980202e-01,-4.954281849289501882e-01
-1.320099433976751335e-01,2.781364860797643779e-01
-6.307580903485598078e+00,4.189335045457214690e+00
5.124520537797532249e-01,2.120770062354946361e-01
-6.009365050074898518e-01,-5.803022976551911460e-01
-1.864430433219220473e-01,2.776460763907590557e-01
4.001079833090313898e+00,2.022687909086708036e+00
3.028314019624742670e-01,-7.215100044661272305e-01
-4.041960221216948090e-01,-6.160236137521118982e-01
-2.358305860421482936e-01,2.675909072048932025e-01
-4.593463417655140546e+00,-5.546724186525136879e+00
-4.105647287636879916e-01,-1.212779772837816461e+00
-1.843737422970750384e-01,-5.783865311137380560e-01
-2.791783990706174778e-01,2.503322085367560845e-01
-7.861685307558598623e+00,8.977571932563287449e-01
-1.128400964075677138e+00,-1.177194121252790326e+00
2.440267549869568064e-02,-4.489062330480309559e-01
-3.162150357048040261e-01,2.279305100539174289e-01
-1.653067183043163357e+00,6.224891849605548089e+00
-1.615037773447932423e+00,-8.533202472665010196e-01
1.731019710354180230e-01,-2.308810671286698757e-01
-3.471298866516297488e-01,2.020425953677937869e-01
1.337201046641015800e+00,-5.383218366922363884e+00
-1.870623597408994421e+00,-4.304144408411905154e-01
2.166857084045752391e-01,3.914779355506683989e-02
-3.723613038607828107e-01,1.739181341093563038e-01
-7.488472661303755551e+00,-2.400186653546162230e+00
-1.945355876624728753e+00,1.426311167440169961e-02
1.403165494738454200e-01,3.001533532202642074e-01
-3.924452076820396096e-01,1.444476977092882530e-01
-6.216169511885098586e+00,4.375217097569577440e+00
-1.860023552835108340e+00,4.584330899149494654e-01
-3.061577257940839569e-02,4.955679352109619851e-01
-4.079158734455220481e-01,1.142292398239070361e-01
4.231450556402274188e+00,1.549824324728175995e+00
-1.591253463516397293e+00,8.781943740839199819e-01
-2.472341852455389732e-01,5.983169950904040357e-01
-4.192434572079393740e-01,8.363786242144027883e-02
-4.943271519080448151e+00,-5.425686689712391875e+00
-1.088506114645286349e+00,1.190804784417693440e+00
-4.633909678923286979e-01,6.128772207028038155e-01
-4.268071345447875808e-01,5.288991359907058848e-02
-7.861940927117097466e+00,1.235986614008425244e+00
-3.597550395008883850e-01,1.199432723331819606e+00
-6.503263555613403302e-01,5.607285370862120644e-01
-4.308743468689597567e-01,2.209005055316990568e-02
