3.870989304812834098e-01,0.000000000000000000e+00
7.232620320855615015e-01,0.000000000000000000e+00
1.000000000000000000e+00,0.000000000000000000e+00
1.523395721925133728e+00,0.000000000000000000e+00
1.406352052657114660e-01,-3.253190038140120754e-01
6.477450762136062190e-01,-3.042105386835010639e-01
9.601970077409737181e-01,2.666681668979673514e-01
1.506181060411204031e+00,2.154004754702826818e-01
-2.748039438210494456e-01,-1.182016194687049437e-01
4.329951919817703887e-01,-5.422238663899745514e-01
8.431862358902912913e-01,5.118127014533097041e-01
1.454800449941805462e+00,4.259081849784371876e-01
-6.790773508983441453e-02,3.190177623089352488e-01
1.173871983820454767e-01,-6.514580284811600785e-01
6.563391952375658978e-01,7.143837057379183175e-01
1.370053291178474630e+00,6.266342210718377492e-01
3.368018177660292989e-01,1.750854146121971489e-01
-2.275456180509483062e-01,-5.842665100889962160e-01
4.124934711021560618e-01,8.545613202823577614e-01
1.253303509106738822e+00,8.127017813634631604e-01
3.014451496173915501e-01,-2.229094987362010560e-01
-4.979898188577022711e-01,-3.339198919809288624e-01
1.305748454741517128e-01,9.151147235110975720e-01
1.106526668326947904e+00,9.792672172292664623e-01
-1.312857082733027425e-01,-2.891471749509414435e-01
-5.892680331428572504e-01,3.397420450030221722e-02
-1.640642482892945286e-01,8.836442406063925725e-01
9.323739789974990755e-01,1.121560472173410039e+00
-2.396235628513766758e-01,1.852161643917078770e-01
-4.606123768721266942e-01,3.893949992685531991e-01
-4.403357138818375649e-01,7.557772665101435416e-01
7.342498960977122957e-01,1.234953508504415653e+00
2.019738684985398491e-01,2.991747861165775513e-01
-1.685058884470891083e-01,6.097490561724007163e-01
-6.641412322172918214e-01,5.387797149822661780e-01
5.163970782223356037e-01,1.315066749849916006e+00
3.788730011100705508e-01,-6.437560301518012451e-02
1.781949751645502678e-01,6.433827365512085894e-01
-8.038248753309711336e-01,2.540260417346667521e-01
2.839777738181687439e-01,1.357924339850454576e+00
6.530669657716398069e-02,-3.365706046634120430e-01
4.800942785786643796e-01,5.068033720466960101e-01
-8.375803990838798230e-01,-6.399662753949182659e-02
4.313408040396816273e-02,1.360168306724357290e+00
-2.938072686520234456e-01,-2.819256326013450456e-02
6.717949995620177139e-01,2.518942674722675079e-01
-7.598717592779217211e-01,-3.735452735357288057e-01
-1.989996689481617620e-01,1.319337480034768584e+00
1.663272760566502848e-02,3.353612407857400335e-01
7.200591798360220785e-01,-5.741620413798372013e-02
-5.832405928172055276e-01,-6.347619740486591944e-01
-4.343677140647755897e-01,1.234205988625965089e+00
3.675572385244719742e-01,1.038946584240373477e-01
6.174016809474411893e-01,-3.545549361890417139e-01
-3.343335169189216027e-01,-8.179285139868169852e-01
-6.541882462728135783e-01,1.105160046771296090e+00
2.373649827555874003e-01,-2.769892815826787702e-01
3.801581022638289009e-01,-5.733967198515762531e-01
-4.662702545292342349e-02,-9.073968962445813080e-01
-8.493130320274585587e-01,9.345650240442550105e-01
-2.098126934439614455e-01,-2.222919522447526497e-01
5.246752101646477706e-02,-6.527118973699277404e-01
2.464460067898109896e-01,-9.009427017682514194e-01
-1.010771149155277326e+00,7.270451691823617280e-01
-1.656961462416736697e-01,2.632992193893982091e-01
-2.872711233920946516e-01,-5.499092452722632585e-01
5.158561014857224736e-01,-8.065864306437138254e-01
-1.130475380217441428e+00,4.895771282787561574e-01
2.773540605428391204e-01,2.437512828337750348e-01
-5.310860028582520265e-01,-2.698212135686453017e-01
7.387816753047302676e-01,-6.390191774641670319e-01
-1.202009924764200210e+00,2.313027140854788943e-01
3.467486655813815655e-01,-1.513966635286012330e-01
-5.808235389996720954e-01,1.068462796631317463e-01
8.987800128219871620e-01,-4.167579662902371473e-01
-1.221359057791257641e+00,-3.698796856352098983e-02
-4.414397538995613185e-02,-3.238476807331587271e-01
-4.139665857260386161e-01,4.443897584692862446e-01
9.852665978238125399e-01,-1.602788211580197242e-01
-1.187410861572225196e+00,-3.036668620928582585e-01
-2.789112532623548857e-01,9.798250308483889837e-02
-1.024334952107828350e-01,6.304630143428997524e-01
9.929106243692367162e-01,1.090687133638464229e-01
-1.102103660562298248e+00,-5.572417257182095129e-01
1.294435588829766226e-01,3.241187903308773710e-01
2.425419140465877310e-01,6.283484118598205992e-01
9.212541656627162290e-01,3.696721468390823384e-01
-9.701733897998362499e-01,-7.873026530167094306e-01
3.821662738860695518e-01,7.876607284970589323e-04
5.271406885636779061e-01,4.639977522313287750e-01
7.746764854662709920e-01,6.000942467498993071e-01
-7.985729750826489060e-01,-9.852618278481977132e-01
1.311308099828475404e-01,-3.235991231120134426e-01
6.925453015235170096e-01,1.931106243749820539e-01
5.627133981711051058e-01,7.796260784256434651e-01
-5.957111284091979320e-01,-1.144780150049665712e+00
-2.779761952808986747e-01,-9.929944649642286070e-02
7.108892601065471828e-01,-1.192357637136685078e-01
3.006380476548209391e-01,8.892580776517406971e-01
-3.706748986589042949e-01,-1.261870405227905279e+00
-4.318496465650444732e-02,3.227510052134207053e-01
5.793385526754499804e-01,-4.061575988347636001e-01
1.003255638892868243e-02,9.133745275444239420e-01
-1.325621041334969219e-01,-1.334742757644369782e+00
3.467311833575675295e-01,1.471511615134679651e-01
3.193451077635516278e-01,-6.017658065817030888e-01
-2.811829129959356188e-01,8.424071255469054442e-01
1.100123425204744820e-01,-1.363491906271295351e+00
2.704214144159104993e-01,-2.475922162930618842e-01
-1.837876513071318510e-02,-6.468398633528407160e-01
-5.401536917772934432e-01,6.763282150363058021e-01
3.492281793817151869e-01,-1.349720750505104094e+00
-1.747598482869008873e-01,-2.537707314223572319e-01
-3.480708857152183811e-01,-5.054864987456492154e-01
-7.329149338575060568e-01,4.280548559397839292e-01
5.782170074420336370e-01,-1.296170526196816164e+00
-1.959545723426024399e-01,2.336728534838121984e-01
-5.588288034379912395e-01,-1.964547647153015442e-01
-8.308810769181975697e-01,1.247812428668494122e-01
7.911065798382532765e-01,-1.206397017308290742e+00
2.520973526899488726e-01,2.617900002115529645e-01
-5.625736124904853197e-01,1.839114733327909257e-01
-8.183268046078828739e-01,-1.949875943763478003e-01
9.829920407595679199e-01,-1.084509305156388104e+00
3.543528473182684935e-01,-1.281177704787336558e-01
-3.575228959108972537e-01,4.973076790767710365e-01
-6.972950932108065158e-01,-4.890540279154270142e-01
1.149867707489174107e+00,-9.349725173408008905e-01
-2.172279775406186705e-02,-3.267759673086270689e-01
-2.976917246206181936e-02,6.448233081532304123e-01
-4.869358120590452366e-01,-7.208843826919236752e-01
1.288543274042846853e+00,-7.624669094208881281e-01
-2.823943580047168500e-01,7.832431227915984118e-02
3.093547068497256025e-01,6.052302916798679711e-01
-2.177025695224415192e-01,-8.663504596131488267e-01
1.396560013449170468e+00,-5.717928407085994813e-01
1.167121216129956424e-01,3.246022799043974949e-01
5.727490434512713113e-01,4.132707232501915406e-01
7.617673603267882676e-02,-9.156241876306994154e-01
1.472116438782622883e+00,-3.678109265096177194e-01
3.791289889252022483e-01,6.758032192259930820e-03
7.085252692627908022e-01,1.279373613475081883e-01
3.626731655140705279e-01,-8.711814596076945527e-01
1.514008704464217425e+00,-1.554077165630217416e-01
1.312189439595983220e-01,-3.209741480557795068e-01
6.943976238824198788e-01,-1.847526479046847636e-01
6.151883683798597957e-01,-7.442391356485379417e-01
1.521588477549231877e+00,6.052130053133441406e-02
-2.774552634130107998e-01,-9.454000527473858939e-02
5.325587602155766875e-01,-4.576925162126149194e-01
8.135556496199000120e-01,-5.513974582925492696e-01
1.494739737882687436e+00,2.750784459614304400e-01
-3.439277837046474801e-02,3.226554858871363840e-01
2.502514661773865834e-01,-6.254922298908960343e-01
9.438263269968754088e-01,-3.122021749416862835e-01
1.433874539115349567e+00,4.833667173425802432e-01
3.493398214990682815e-01,1.347934033870197557e-01
-9.437334219615513276e-02,-6.318591783305576026e-01
9.976615698938782195e-01,-4.763239085552729846e-02
1.339947828195178881e+00,6.804939827126152974e-01
2.545148176966917641e-01,-2.575072562093232986e-01
-4.079394417599592759e-01,-4.496814450096367488e-01
9.717932360723431362e-01,2.207533046494278839e-01
1.214491468703410293e+00,8.615846414735732761e-01
-1.937436766277301770e-01,-2.335277176820963752e-01
-5.786803878846422666e-01,-1.140804482733665387e-01
8.677801343516946542e-01,4.713209912057259587e-01
1.059666406997305854e+00,1.021805387294924872e+00
-1.707062133993466346e-01,2.540136523504940569e-01
-5.327930236686393428e-01,2.633913773080463483e-01
6.921263673430144703e-01,6.828154426282346812e-01
8.783310107816506562e-01,1.156412675305996007e+00
2.744570028783854809e-01,2.388722420449586603e-01
-2.909949707999028856e-01,5.459394359073886926e-01
4.567300693952985879e-01,8.350539808484324089e-01
6.741216487746479746e-01,1.260830994474206657e+00
3.357654693830476877e-01,-1.597091339068180127e-01
4.868622216282332549e-02,6.510421871966259877e-01
1.795069050945832245e-01,9.101689702952264760e-01
4.515381740086713558e-01,1.330772336170247261e+00
-6.779750326151144646e-02,-3.118862690061870446e-01
3.772592176765711680e-01,5.729236379474427210e-01
-1.151792469452126294e-01,8.946974853866312971e-01
2.160217499852740697e-01,1.362407570633039189e+00
-2.619379338417707759e-01,1.324993322867256962e-01
6.153125595608126552e-01,3.542140232814613432e-01
-3.969711957584832751e-01,7.826528715719052176e-01
-2.599518110898215231e-02,1.352599181324774191e+00
1.673871362293154752e-01,3.063708212027184130e-01
7.181247267109647225e-01,5.664901071526946136e-02
-6.318536081496390899e-01,5.791634479936879076e-01
-2.670964005454758428e-01,1.299198531316456018e+00
3.727718675502710299e-01,-4.741522424583684281e-02
6.691868906669072858e-01,-2.530077854873705734e-01
-7.871808670026185784e-01,3.032961126291565113e-01
-4.989839034908773452e-01,1.201399169545755097e+00
6.505146290502390738e-02,-3.293633372684654503e-01
4.761657176973199679e-01,-5.075389521127594561e-01
-8.389509033611748379e-01,-1.222177814472373385e-02
-7.127170931963544565e-01,1.060117901421105291e+00
-2.891304407193832637e-01,-1.264841931828176655e-02
1.728791705740382878e-01,-6.424627805799744129e-01
-7.786915540120702417e-01,-3.261105408608506173e-01
-8.991251447971418953e-01,8.783467444712740324e-01
4.377332627656038699e-02,3.293983283781763971e-01
-1.742023970484525008e-01,-6.056989793597772342e-01
-6.162066682379716553e-01,-5.974440035864506671e-01
-1.049403017724037657e+00,6.613904360836287966e-01
3.688939126753487674e-01,6.402305724473542070e-02
-4.642914783358476627e-01,-3.814817676709207905e-01
-3.764266822128466417e-01,-7.943906494154926445e-01
-1.155853792671313274e+00,4.168880715647331203e-01
1.821040309661179357e-01,-2.990660503214102039e-01
-5.878748503450563767e-01,-2.359199659227256829e-02
-9.236431529979888255e-02,-8.989652851278793211e-01
-1.212677384824803584e+00,1.545325463514775344e-01
-2.536177298143758585e-01,-1.475255803304369451e-01
-4.900019466799233059e-01,3.429904979805353249e-01
2.020647560043367374e-01,-9.070047737838700108e-01
-1.216652583018677847e+00,-1.145398534474383612e-01
-7.877051754354200130e-02,3.057025392525019036e-01
-2.145061484724069267e-01,5.879051283979067621e-01
4.768714966516526821e-01,-8.252083110190419069e-01
-1.167549388851592207e+00,-3.786256902133514624e-01
3.304588108282981440e-01,1.632311685496619369e-01
1.317797599544919818e-01,6.474017581202776705e-01
7.081565178393306459e-01,-6.675010354435079174e-01
-1.068159234262576973e+00,-6.264427581946062640e-01
2.724559018699978519e-01,-2.368953268538610546e-01
4.446158909118955171e-01,5.305134088348624211e-01
8.784693754339872873e-01,-4.520286674741345601e-01
-9.239354219975174365e-01,-8.480345975356661237e-01
-1.738169774254360034e-01,-2.483010825072838323e-01
6.530355167073794709e-01,2.866850907894912259e-01
9.763442296618733973e-01,-1.991345587936824979e-01
-7.423418475795103832e-01,-1.035427681518722220e+00
-1.826617309688136626e-01,2.399411215945542464e-01
7.196219792624879430e-01,-2.015482637451345219e-02
9.956790077607450273e-01,6.983344581696568354e-02
-5.320695587067155730e-01,-1.182961920221638152e+00
2.654007191351684392e-01,2.422219904948421376e-01
6.338524826359099862e-01,-3.226729719423526155e-01
9.353081597408122727e-01,3.331888078787556551e-01
-3.022793786431718921e-01,-1.287309963750075781e+00
3.328624136259145661e-01,-1.569715940994090286e-01
4.094084574095417928e-01,-5.536988959445104941e-01
7.989157651693402640e-01,5.693575652723670277e-01
-6.197990811956595458e-02,-1.347265611223276371e+00
-7.310052005722290913e-02,-3.068485651513889190e-01
8.759763312969234827e-02,-6.502746001335842907e-01
5.953051964824737086e-01,7.574025161548957330e-01
1.804127988485862977e-01,-1.363402925360320816e+00
-2.537269140055499195e-01,1.439693708443741116e-01
-2.559736900236619372e-01,-5.662904743144163699e-01
3.389552698745178505e-01,8.779203224697432750e-01
4.173385265324541238e-01,-1.337695302554043675e+00
1.824863799953682086e-01,2.960689452810739142e-01
-5.140276780206721741e-01,-3.003742243827637326e-01
5.062285115149681158e-02,9.146278748234367706e-01
6.422130921714060969e-01,-1.273155528733879160e+00
3.645143920247723712e-01,-7.037895251204991098e-02
-5.836446048350724114e-01,7.332967141988989968e-02
-2.425086100963537439e-01,8.568940739505209736e-01
8.494472524729548280e-01,-1.173528616805214364e+00
2.966566703773061003e-02,-3.266273238508255461e-01
-4.332046853832421940e-01,4.198760478561506249e-01
-5.079829678712369789e-01,7.031688830605120621e-01
1.034403249379383771e+00,-1.043049415538099600e+00
-2.849702868398147904e-01,3.458650270567695945e-02
-1.287320983264146346e-01,6.206908505902264395e-01
-7.115436482309576149e-01,4.645126871526961132e-01
1.193319865644710598e+00,-8.862625317235198752e-01
9.077495955565410835e-02,3.226535335015922046e-01
2.179477553815162005e-01,6.322788815619037051e-01
-8.233478733133031691e-01,1.663604122218575454e-01
1.323227165344815326e+00,-7.078957789977137205e-01
3.709197537518608701e-01,1.471004921310207873e-02
5.095219188615828232e-01,4.772798779941659353e-01
-8.255376089855489541e-01,-1.538033580522968902e-01
1.421864553359842187e+00,-5.127764256861405689e-01
1.227803867245954861e-01,-3.162033300969805949e-01
6.839707875596259257e-01,2.107975658592839696e-01
-7.177347709294874534e-01,-4.535879491882392478e-01
1.487610240751226609e+00,-3.057797267830646981e-01
-2.782830581462939490e-01,-7.134803174190587627e-02
7.112523603743210465e-01,-1.015531941306574287e-01
-5.171730327786049353e-01,-6.951301016597271065e-01
1.519426496896603807e+00,-9.180047068924881981e-02
-1.074677678849363018e-03,3.225943439124633327e-01
5.870911091355982547e-01,-3.920354523236763700e-01
-2.533770567771879145e-01,-8.524152693817405035e-01
1.516823011348203298e+00,1.242602871071280535e-01
3.566785223041048503e-01,9.264282192701810137e-02
3.318566071106452409e-01,-5.937758109847385279e-01
3.940540360520400354e-02,-9.138130757002367321e-01
1.479839267082405430e+00,3.375003320019006603e-01
2.004909454864341467e-01,-2.849348008073482874e-01
-4.627118977710629848e-03,-6.462660093139679374e-01
3.285244997005674072e-01,-8.804428762413307741e-01
1.409045812703405121e+00,5.430188956388013466e-01
-2.423566938914015201e-01,-1.615358541036919504e-01
-3.370248977408888402e-01,-5.117182446871435531e-01
5.865205988245113522e-01,-7.626710756644783373e-01
1.305564969808839626e+00,7.359224031067267413e-01
-8.548177213343449710e-02,2.990433096307146266e-01
-5.535518153062441993e-01,-2.065436771445452457e-01
7.923598638184279341e-01,-5.766497790406854840e-01
1.171110448709886009e+00,9.113396564207710826e-01
3.267936266154443103e-01,1.598944309052209856e-01
-5.634162272228721013e-01,1.741983662060937743e-01
9.313191362398270945e-01,-3.417375347402244468e-01
1.008044710496161400e+00,1.064453242021505819e+00
2.611144523179184662e-01,-2.410406665490350819e-01
-3.620216039707798150e-01,4.908573705279030697e-01
9.943895861097143962e-01,-7.887629853506278321e-02
8.194516637976736462e-01,1.190555245680223750e+00
-1.884506289585487215e-01,-2.302032959818962055e-01
-3.492704388246076902e-02,6.418388229027295333e-01
9.777133396784170039e-01,1.903300548552578353e-01
6.092198444925450707e-01,1.285136785954047456e+00
-1.566805694169386698e-01,2.572152556525760803e-01
3.052071633485193836e-01,6.042972753588640167e-01
8.822978468572573174e-01,4.441509308653136534e-01
3.821273236126522810e-01,1.344021977959743097e+00
2.862338564494970039e-01,2.146297659357356558e-01
5.697866909164258642e-01,4.128287423657505117e-01
7.140919104056719924e-01,6.611785444543110124e-01
1.439138164243514983e-01,1.363557227215159706e+00
3.053436250267112517e-01,-1.910589798131881734e-01
7.059974534234059185e-01,1.270370121765400651e-01
4.844047040798460380e-01,8.209841118818774763e-01
-9.868318871002398907e-02,1.340863926406372197e+00
-1.268132866106424506e-01,-2.770566566770897299e-01
6.912030414885838026e-01,-1.862181962388257672e-01
2.105268151483099814e-01,9.052950192586358691e-01
-3.379598530012219992e-01,1.274154520474281016e+00
-2.114093064986308779e-01,2.035507463168368669e-01
5.277306146059165259e-01,-4.589541748351967376e-01
-8.379198211329576262e-02,8.999917396232013367e-01
-5.653847911873667309e-01,1.163099009826958463e+00
2.395860512950143961e-01,2.564527108810357170e-01
2.434744760396277685e-01,-6.249936523992728477e-01
-3.686610703343051743e-01,7.980949205088861964e-01
-7.718876687885115606e-01,1.009205164075874350e+00
3.351406276068510937e-01,-1.398515707028492039e-01
-1.021175064121065679e-01,-6.276502059678026324e-01
-6.101476670421296378e-01,6.034125673414799662e-01
-9.483281564137510111e-01,8.161466615386888668e-01
-6.506774132931797405e-02,-3.050087451548820772e-01
-4.138756895527082591e-01,-4.405170562651305466e-01
-7.750402995939104089e-01,3.335635410775047993e-01
-1.086143773776117039e+00,5.899466858901433186e-01
-2.490009094068798834e-01,1.446940073018296025e-01
-5.789438485050116823e-01,-1.012013466168989739e-01
-8.380145843283770546e-01,2.012788469537597422e-02
-1.178121026827801288e+00,3.389160112100549349e-01
1.908780890092607319e-01,2.860754297818058900e-01
-5.250938818842245670e-01,2.756282782030688439e-01
-7.887726352604675917e-01,-2.959810054685768077e-01
-1.219170790296841167e+00,7.327186011966875523e-02
3.530789402936473365e-01,-9.082861508383641147e-02
-2.768210651001893341e-01,5.524665497154631622e-01
-6.353678378423361917e-01,-5.732339471666869635e-01
-1.206946252813545950e+00,-1.955651983280009554e-01
-8.011437433859789833e-03,-3.183022828618820577e-01
6.509287111848513496e-02,6.490347569404184558e-01
-4.015959992549010815e-01,-7.785014004754334804e-01
-1.142148029873438109e+00,-4.559028670603226252e-01
-2.710478025326862328e-01,8.643680287880206592e-02
3.912305760612252992e-01,5.623809529976244725e-01
-1.201300030427295967e-01,-8.923204989039420498e-01
-1.028432008440333556e+00,-6.967622759576636016e-01
1.434653747807709268e-01,3.049922462809100954e-01
6.230225668879778578e-01,3.371377973680945161e-01
1.748314350637984738e-01,-9.092835540176233966e-01
-8.719465396768554255e-01,-9.087234834113349091e-01
3.618811044790588571e-01,-4.628633637016141278e-02
7.169177142158280613e-01,3.632455936505781663e-02
4.526931318361667733e-01,-8.352412452485272754e-01
-6.806216939017409873e-01,-1.084488586314130254e+00
4.175945745946105930e-02,-3.212765023019457655e-01
6.577340977884567064e-01,-2.723210269521781912e-01
6.888671041572768106e-01,-6.836352108306829045e-01
-4.633770265928267573e-01,-1.219112794608937067e+00
-2.806499605492913108e-01,3.307222881599167913e-02
4.548901190862752464e-01,-5.207611015311155445e-01
8.652595742590081240e-01,-4.723883483025450025e-01
-2.293952321864546062e-01,-1.309943114368015360e+00
9.989997407980563682e-02,3.152470897944629757e-01
1.448243581800795765e-01,-6.441568567684177182e-01
9.698484128208869626e-01,-2.217823037316054846e-01
1.244787719444551653e-02,-1.356356172525025272e+00
3.641677365139711076e-01,-7.594285107802997530e-03
-2.023079042551056972e-01,-5.916244203793670220e-01
9.960573448859734169e-01,4.680915421221180234e-02
2.539681934520957585e-01,-1.359396058532879703e+00
8.315350480521861709e-02,-3.177585333704635584e-01
-4.822518892983033156e-01,-3.519321802595363202e-01
9.422995820359576502e-01,3.116266979249919244e-01
4.878891395441594114e-01,-1.321394094194806579e+00
-2.815115403780699133e-01,-1.269276516456682366e-02
-5.862915137827361400e-01,1.326671275616266368e-02
8.118572589838035647e-01,5.509863547273347040e-01
7.079266139027561300e-01,-1.245621690652866764e+00
6.200809484972930052e-02,3.191221831744796011e-01
-4.674030292704751677e-01,3.734865721522242499e-01
6.131263973051838123e-01,7.437912406806472809e-01
9.087847991578067441e-01,-1.136002100242487378e+00
3.623085664382482141e-01,2.453464143643118225e-02
-1.788711848275238436e-01,6.011870750347311221e-01
3.601577274140912444e-01,8.703937661765343003e-01
1.086100172677427977e+00,-9.968873458479351468e-01
1.160385441443783916e-01,-3.108795634258971763e-01
1.688873531640484316e-01,6.402550079745458200e-01
7.327171774670154791e-02,9.141256440516101200e-01
1.236361313677704299e+00,-8.328952952251398312e-01
-2.772406572741561437e-01,-4.959575260241046168e-02
4.733086208918412252e-01,5.058425780294760754e-01
-2.207303809133398242e-01,8.637662951161380054e-01
1.356823297517715465e+00,-6.487972111426977273e-01
3.095463786135092127e-02,3.188641501249623866e-01
6.666336776490073834e-01,2.506053320127903383e-01
-4.895929736237997765e-01,7.169411550450834891e-01
1.445428421835444732e+00,-4.494448629854359556e-01
3.583183591992591954e-01,4.978513105491218227e-02
7.144837375951886838e-01,-5.996011638672264082e-02
-6.988960702152844373e-01,4.837126830820472345e-01
1.500740009789386598e+00,-2.397269901449426421e-01
1.407287037511147920e-01,-3.030694728312487429e-01
6.092534189469217543e-01,-3.575300672860567408e-01
-8.181189651720929268e-01,1.885663596088056337e-01
1.521892981920767607e+00,-2.454633345735497338e-02
-2.709162579434022389e-01,-7.734234439641353431e-02
3.681323659712597007e-01,-5.742896487827391372e-01
-8.282531043458414288e-01,-1.315686639419405279e-01
1.508563062129762322e+00,1.911905190107391905e-01
7.345418353387011753e-03,3.165021039766819366e-01
3.730500840503275795e-02,-6.477758053498919866e-01
-7.276094149536966871e-01,-4.342027773921859346e-01
1.460954738350264126e+00,4.025769047523140576e-01
3.538104402734787435e-01,6.814961366124812348e-02
-3.015162465840323658e-01,-5.356907162694971580e-01
-5.323800917935374022e-01,-6.807534039142266735e-01
1.379808605116951581e+00,6.047089343035976228e-01
1.577263268144847852e-01,-2.960867298070367082e-01
-5.371347301715396760e-01,-2.463599755809826042e-01
-2.715877348662492086e-01,-8.441770001447400640e-01
1.266428076407781544e+00,7.926935360395224173e-01
-2.648900336597565519e-01,-9.612224173835583196e-02
-5.720342854055687765e-01,1.331426410174916808e-01
2.049542874311433352e-02,-9.118625880989742472e-01
1.122724726576469934e+00,9.616679421129652461e-01
-8.532926067335532688e-03,3.136846250304131112e-01
-3.900968655114064321e-01,4.631137298896095267e-01
3.108637729547589212e-01,-8.842018435664742437e-01
9.512808357213132782e-01,1.106837787447110477e+00
3.499908241724457580e-01,7.973495378570905068e-02
-7.029025529692353724e-02,6.337021432156295653e-01
5.715745158482306021e-01,-7.711181685019885546e-01
7.554261113951811213e-01,1.223542369498733295e+00
1.675333700352623356e-01,-2.911214776174566587e-01
2.735129906967234681e-01,6.139284629303518592e-01
7.811123304229791176e-01,-5.885468750317434106e-01
5.393226978716333386e-01,1.307357008133420706e+00
-2.607447906356855638e-01,-1.063272178643945159e-01
5.484512720944623165e-01,4.345072554285651090e-01
9.243324529231066178e-01,-3.557788394808196752e-01
3.080481821041626267e-01,1.354243459148111173e+00
-1.659892722219215994e-02,3.115550778405020149e-01
6.978948261496394911e-01,1.541865135450159741e-01
9.918733004589338487e-01,-9.377306525608777865e-02
6.765929105586210301e-02,1.360758894398301333e+00
3.476344515386349809e-01,8.462497543061479888e-02
6.964789981409214015e-01,-1.598308397567531625e-01
9.795787746943432905e-01,1.758045968449847285e-01
-1.747893515000941977e-01,1.324329036954762673e+00
1.704600925960843838e-01,-2.888832851796878654e-01
5.444310365714327693e-01,-4.388808656725230462e-01
8.881940584810462669e-01,4.311341666725383992e-01
-4.113057175026486600e-01,1.243583059000621160e+00
-2.593591497685587277e-01,-1.082376298992901442e-01
2.676255929449006810e-01,-6.158281157986658094e-01
7.234217783067414809e-01,6.506951078821701095e-01
-6.331422849876883197e-01,1.118730275645405392e+00
-1.685115719604830462e-02,3.107171382970413953e-01
-7.666678831071080391e-02,-6.321958127232719660e-01
4.963251381668767337e-01,8.139092854447490533e-01
-8.311397066674257594e-01,9.519330861849923942e-01
3.470795762527481010e-01,8.288173838083030820e-02
-3.949206021575473180e-01,-4.580297811417531895e-01
2.239474319379569367e-01,9.022899117578018213e-01
-9.962552511530337052e-01,7.476010254408856914e-01
1.666102763011733379e-01,-2.895992051391687583e-01
-5.731384582575983488e-01,-1.257385852751836397e-01
-7.018718443709391630e-02,9.014072989362690302e-01
-1.120259529522446673e+00,5.125075276227196719e-01
-2.609221086756652874e-01,-1.018742701820767316e-01
-5.335217684665702897e-01,2.533972573014465768e-01
-3.563386799329155141e-01,8.038488173712650120e-01
-1.196525733152290716e+00,2.556320751181502815e-01
-9.242728490418513493e-03,3.112011606641286732e-01
-2.942156793700275719e-01,5.395872524884849364e-01
-6.005588101708655424e-01,6.128751738588589237e-01
-1.220775180311272301e+00,-1.232763593814007429e-02
3.482376200143152967e-01,7.446021978628758475e-02
4.592558307876037221e-02,6.470645649096181673e-01
-7.693558677968471704e-01,3.455321691693671871e-01
-1.191611892877665113e+00,-2.797473713451389954e-01
1.558468021939090620e-01,-2.930526811348913574e-01
3.755608359181217271e-01,5.690017099495697783e-01
-8.368341654188475864e-01,3.297487222664316486e-02
-1.110705781195846065e+00,-5.350474685138596476e-01
-2.649238724819364399e-01,-8.703710730605880574e-02
6.134513015074657405e-01,3.487398290291594538e-01
-7.919483787704433286e-01,-2.839778700155831670e-01
-9.825744855569256142e-01,-7.676549344080797477e-01
6.258890144628750409e-03,3.124189029373909410e-01
7.140439852607042281e-01,4.941059146299111443e-02
-6.420639446782713256e-01,-5.635017245751786641e-01
-8.140240522952508773e-01,-9.687718845162035519e-01
3.505575278340737344e-01,5.919578203628456103e-02
6.608579996402588197e-01,-2.606680212588771695e-01
-4.105639428611117525e-01,-7.719085262446887530e-01
-6.133927760838701060e-01,-1.131834398757392668e+00
1.377543629606226838e-01,-2.985661985113003403e-01
4.624194929756450523e-01,-5.127547862078863927e-01
-1.300413379267055525e-01,-8.891330659678189363e-01
-3.897651016543508540e-01,-1.252643192992080934e+00
-2.701332802537414479e-01,-6.332194619149759951e-02
1.544666556850542716e-01,-6.411721705323829568e-01
1.651389307767866521e-01,-9.092867627068379477e-01
-1.522876125252647650e-01,-1.329226978748478949e+00
2.962075921966877273e-02,3.131974025645422044e-01
-1.933246974256783435e-01,-5.938643272978361143e-01
4.440989918032222095e-01,-8.379168667858269970e-01
9.034311921704744897e-02,-1.361537313319522324e+00
3.530176683556269790e-01,3.691828563825071824e-02
-4.765301492690309781e-01,-3.579940422302305136e-01
6.819524017786058323e-01,-6.883210085430254699e-01
3.302088113789567458e-01,-1.351072763784769704e+00
1.117763139682387552e-01,-3.048841330078579936e-01
-5.849949192430701217e-01,6.185367156322005462e-03
8.603430548424533253e-01,-4.783867141462079253e-01
5.603394425229014653e-01,-1.300504283171806996e+00
-2.744872613666798911e-01,-3.031145641819810513e-02
-4.694734956805466375e-01,3.680116789394197729e-01
9.670360874969414766e-01,-2.284232765374878127e-01
7.747651214933375385e-01,-1.213344750051322141e+00
6.064571002701752561e-02,3.118103988890701950e-01
-1.821348908720033244e-01,5.981683172937217741e-01
9.952874068659355311e-01,4.013320141977703287e-02
9.684918033868168408e-01,-1.093681342744778684e+00
3.541185669607437858e-01,7.512770543141577065e-03
1.660046437755629822e-01,6.389620706586014443e-01
9.433795738252787055e-01,3.054433808549071316e-01
1.137434948161647696e+00,-9.459722364132013839e-01
7.733781075595058674e-02,-3.100968144585132258e-01
4.712239528964299873e-01,5.051029449898801760e-01
8.144905022824793228e-01,5.457331174119064432e-01
1.278335824438880719e+00,-7.749007723750553911e-01
-2.750546870532443733e-01,1.202197048165737532e-02
6.649205108680343868e-01,2.495779781119073781e-01
6.169308743559112074e-01,7.398045637275588726e-01
1.388676832103217462e+00,-5.852767033597394697e-01
9.871022498486503594e-02,3.060426787570255658e-01
7.123274384518493152e-01,-6.150280049135033178e-02
3.646852393648344903e-01,8.678952191181553699e-01
1.466605775805416512e+00,-3.819736594351577641e-01
3.518413820482859111e-01,-2.894168560873614654e-02
6.058399049674121351e-01,-3.591413672597523199e-01
7.802963902775712779e-02,9.132033882952559356e-01
1.510874716965283193e+00,-1.698930813757954517e-01
3.402795408407312261e-02,-3.115193726059016233e-01
3.630298079676670397e-01,-5.748781609349797872e-01
-2.162449591938153948e-01,8.643526085082796628e-01
1.520796517761980882e+00,4.605395721570078316e-02
-2.681325535666186921e-01,6.288207291090057438e-02
3.093856298061084531e-02,-6.458042452945336187e-01
-4.858365566172078709e-01,7.187962502455207403e-01
1.496219869743009578e+00,2.609543661205224740e-01
1.425680133439371500e-01,2.933755765857141706e-01
-3.073724520257398729e-01,-5.298242051450637868e-01
-6.962028319023074729e-01,4.864395011378450651e-01
1.437523508534871208e+00,4.698958069278343919e-01
3.436834490333889325e-01,-7.191459920517202786e-02
-5.394690997320130688e-01,-2.367777578877173494e-01
-8.166267806073550517e-01,1.916724159938522076e-01
1.345629990674161780e+00,6.679706836460151953e-01
-1.794172259256789428e-02,-3.055571944323253186e-01
-5.682667162047627674e-01,1.436688123499344216e-01
-8.278702034239516783e-01,-1.285627822483668137e-01
1.222038596393866916e+00,8.502873040894152190e-01
-2.495508950692098826e-01,1.200714112490802316e-01
-3.803577182349581198e-01,4.703560624014199720e-01
-7.280560353616832847e-01,-4.316455066816928254e-01
1.068876547318628800e+00,1.011994714588805744e+00
1.901819020735422139e-01,2.712094883591668060e-01
-5.747899266580695776e-02,6.346249802506932491e-01
-5.332942235890107963e-01,-6.787957615129899258e-01
8.889666878965374330e-01,1.148328828787675615e+00
3.267289843168655894e-01,-1.201976514386166039e-01
2.855890875057495726e-01,6.078479473178931558e-01
-2.726388875829209857e-01,-8.427824757361562780e-01
6.859078033835392940e-01,1.254688878350048054e+00
-7.715450141119610528e-02,-2.877469837611892345e-01
5.564677585219092171e-01,4.226024449266855831e-01
1.953273227640446585e-02,-9.108691678797644631e-01
4.641604998490431178e-01,1.326754596843893408e+00
-2.154176970492041043e-01,1.794545003733823696e-01
6.994457544948887717e-01,1.388018653038236572e-01
3.100856108139015133e-01,-8.833983588791087804e-01
2.291260880253857546e-01,1.360655376986995568e+00
2.385229690833773064e-01,2.371769149672260379e-01
6.901811412605505236e-01,-1.755420738062511699e-01
5.709609963836621560e-01,-7.703060209701286798e-01
-1.280151316482484695e-02,1.353200144869218136e+00
2.977647010873434863e-01,-1.715845752494674359e-01
5.301582982944924582e-01,-4.510949305376741880e-01
7.805570223953773867e-01,-5.875784150813033735e-01
-2.542388852703381663e-01,1.302172272169495493e+00
-1.402046620901367113e-01,-2.530424984083955442e-01
2.470771659204238635e-01,-6.202912655760943750e-01
9.236736207079815353e-01,-3.545783480547895494e-01
-4.869093020889031509e-01,1.206682095622634288e+00
-1.631730659633166269e-01,2.349231848305850245e-01
-9.912168399862944512e-02,-6.251147966720667082e-01
9.909257331166253513e-01,-9.234735252229601954e-02
-7.018746351869390443e-01,1.067549175798784500e+00
2.835286300564502371e-01,1.895616274093756548e-01
-4.119203935699467523e-01,-4.382934489929644628e-01
9.781619764920311821e-01,1.773640351883529476e-01
-8.899397739613554847e-01,8.876591014315755590e-01
2.536102967216632975e-01,-2.224160181827964933e-01
-5.766119002325065246e-01,-9.790933957823061418e-02
8.861583767489447094e-01,4.326530885104771240e-01
-1.042242076522554184e+00,6.722103509471974991e-01
-2.006624120809082368e-01,-1.967126796266003286e-01
-5.201883307822484648e-01,2.792725665658311596e-01
7.206778585385014146e-01,6.519208668516280891e-01
-1.150991214197908397e+00,4.287493748359579859e-01
-9.268866781592878523e-02,2.789191062805614907e-01
-2.686226556895700557e-01,5.538374595882391560e-01
4.928791252630094211e-01,8.145249172263343551e-01
-1.210262365836891396e+00,1.669056121702898465e-01
3.201662126207828751e-01,1.277206973937823065e-01
7.497704582820566288e-02,6.455883797311823269e-01
2.199389865720626225e-01,9.019430534449899284e-01
-1.216691105668413098e+00,-1.022062494812584210e-01
1.916589227145033270e-01,-2.671688677182049720e-01
3.998144824851078694e-01,5.530826606967524928e-01
-7.444935052118262231e-02,8.997620061751470111e-01
-1.169903055609295084e+00,-3.668567514222024761e-01
-2.484154308646132070e-01,-1.162939414512842856e-01
6.270741451088844842e-01,3.226917735928148123e-01
-3.603600902707896347e-01,8.006712148573235099e-01
-1.072563837044903989e+00,-6.156930237621963675e-01
-7.113755791368394678e-03,3.035431166204533571e-01
7.136592412073462510e-01,1.899055363521873555e-02
-6.036919213644303950e-01,6.081424889609701179e-01
-9.300349236946491294e-01,-8.386557446504835367e-01
3.425590830235921702e-01,5.256834491574009088e-02
6.453670308155965429e-01,-2.888687926966188591e-01
-7.709071221233259052e-01,3.395320191970466750e-01
-7.497294112442041136e-01,-1.027653302158842985e+00
1.107995618857392228e-01,-2.980516039108203619e-01
4.333100016901675899e-01,-5.315698493599532171e-01
-8.362393383152260107e-01,2.633466648079115652e-02
-5.403271639363781409e-01,-1.176908862205868544e+00
-2.703753760417394458e-01,-1.452881341247643128e-02
1.167627629030303094e-01,-6.435368714012273950e-01
-7.889579906671240206e-01,-2.903820218451106938e-01
-3.110099007011526973e-01,-1.282992060279188440e+00
8.703487539598510347e-02,3.020648303758628472e-01
-2.299521284971775825e-01,-5.749562555214441373e-01
-6.368394785232407429e-01,-5.687410897040764413e-01
-7.082905551649373854e-02,-1.344614196722598631e+00
3.443258759025146776e-01,-3.283649498967484981e-02
-4.986209239183467257e-01,-3.195400283285863008e-01
-4.036362895232409875e-01,-7.752085865814716259e-01
1.717443923439630482e-01,-1.362289497683554895e+00
1.312075190477073397e-02,-3.048319066705448832e-01
-5.814649799443522005e-01,5.235966987905363995e-02
-1.221755271586663499e-01,-8.900021220012241940e-01
4.090917166927625082e-01,-1.337952471288541556e+00
-2.537867061802594471e-01,9.778690071918474946e-02
-4.403007092216407181e-01,4.044413975525078531e-01
1.730956771269004935e-01,-9.075456703434894301e-01
6.345718769899251210e-01,-1.274593959005740240e+00
1.804755819096570679e-01,2.702329276464226493e-01
-1.385706490121729750e-01,6.125338398343564972e-01
4.513309902227795045e-01,-8.336621158672591347e-01
8.425435475180612643e-01,-1.175950429577814482e+00
3.191425862146045622e-01,-1.226580051264350574e-01
2.096284299086017822e-01,6.288255601120217309e-01
6.877391031255665199e-01,-6.818645115058827866e-01
1.028323394689709680e+00,-1.046257926020043971e+00
-9.353299762129864414e-02,-2.757464878380028739e-01
5.035411978985409043e-01,4.750564998653575843e-01
8.640876496836467080e-01,-4.702049255130461569e-01
1.188111564090555294e+00,-8.900689379113039257e-01
-1.921515005429288714e-01,2.018506473544465218e-01
6.788078323197789254e-01,2.075054991865927234e-01
9.682789560789575312e-01,-2.191206539313396429e-01
1.318906067910866620e+00,-7.121235825449665491e-01
2.620601668231702375e-01,2.071837999761009519e-01
7.044004445560320127e-01,-1.063262978686207727e-01
9.937167273796385647e-01,4.984759238395845143e-02
1.418420056618065583e+00,-5.172641081500031213e-01
2.616801618013270825e-01,-2.075139879994035708e-01
5.761960573010187492e-01,-3.966741521264295356e-01
9.388494350526706000e-01,3.147703443254952771e-01
1.485010441656220204e+00,-3.103822361746932379e-01
-1.925283476602027144e-01,-2.008366956814283677e-01
3.158832333808439530e-01,-5.947693502860632586e-01
8.070531760788092202e-01,5.538007238676170285e-01
1.517622650844172583e+00,-9.638992935894379055e-02
-9.025127946325445238e-02,2.759079734654024674e-01
-2.392533659044326910e-02,-6.389264285526427001e-01
6.068813182156258534e-01,7.456978868747803357e-01
1.515753208149879239e+00,1.197946806356651045e-01
3.198208383165682678e-01,1.160674327551544233e-01
-3.537194063696510460e-01,-4.923925225601499811e-01
3.526152864285687083e-01,8.707116205316938196e-01
1.479431204036403269e+00,3.332524818953928603e-01
1.694331396108224586e-01,-2.736008786257383418e-01
-5.583747714226972025e-01,-1.767416878653592649e-01
6.488251831550809201e-02,9.121519674072811057e-01
1.409219352394730729e+00,5.390659692366308597e-01
-2.574286595137952327e-01,-7.951931585349583664e-02
-5.494082797832297027e-01,2.051662338474112557e-01
-2.291539746700498315e-01,8.589144484003458091e-01
1.306234416288834410e+00,7.323250961922210811e-01
3.588596750306593391e-02,3.027029888706773142e-01
-3.309085171394816061e-01,5.103569600577482213e-01
-4.968866034832956080e-01,7.089361371653057908e-01
1.172186577432321242e+00,9.081424240929648617e-01
3.420079727859545171e-01,4.553737851688916850e-03
3.861295748221047017e-03,6.416877079763296798e-01
-7.036786905284377891e-01,4.728128267814141750e-01
1.009436690628395361e+00,1.061684449594719082e+00
4.606417944615539412e-02,-3.024014644556271558e-01
3.402818971929863490e-01,5.833517127698104598e-01
-8.190890128715914154e-01,1.757088536474545049e-01
8.210689998768291309e-01,1.188227226148963034e+00
-2.592282700648441129e-01,6.934820824993340183e-02
5.915198690038485640e-01,3.752090182905014060e-01
-8.245730530474069120e-01,-1.448301503823037351e-01
6.109745849939272055e-01,1.283245845592816181e+00
1.635936537915107791e-01,2.744335440912991086e-01
7.075760483831322611e-01,8.014750980369537980e-02
-7.192036295513424271e-01,-4.460063023769547108e-01
3.839366568252345346e-01,1.342548829301467350e+00
3.182988421060772843e-01,-1.144467867795387339e-01
6.689403767104538101e-01,-2.326225131740852214e-01
-5.199845512329104302e-01,-6.893591590205124797e-01
1.457026043389685610e-01,1.362467574876061960e+00
-9.296436711575754852e-02,-2.726879919638763305e-01
4.818806452500224435e-01,-4.931540575796176662e-01
-2.565497835200242771e-01,-8.483157048258948008e-01
-9.697926889952533658e-02,1.340109155902127647e+00
-1.843362123242173745e-01,2.061924103177446843e-01
1.800822892459614244e-01,-6.341912873066346545e-01
3.652686717992036786e-02,-9.108826135412403380e-01
-3.363906629419683991e-01,1.273673556795343442e+00
2.689233086933185968e-01,1.936598167268794579e-01
-1.686698018173828084e-01,-6.010875380195778162e-01
3.262068820604247521e-01,-8.780444671986120664e-01
-5.639821342677775462e-01,1.162821462404361572e+00
2.419092838482376218e-01,-2.216034124979892883e-01
-4.605536903295122664e-01,-3.767317310923706808e-01
5.846864239708196020e-01,-7.602143430021672810e-01
-7.706621620324159982e-01,1.009056000702898581e+00
-2.136161875420400369e-01,-1.693055918711003083e-01
-5.824687719424920251e-01,-1.658779545320005280e-02
7.906769075286275150e-01,-5.737032589119849257e-01
-9.472672835615505438e-01,8.160525166286957122e-01
-4.864312666466559520e-02,2.880824455906247361e-01
-4.787886883540021787e-01,3.498284772840107304e-01
9.292973818527607843e-01,-3.380890264317652494e-01
-1.085211834833189837e+00,5.898434302269448537e-01
3.301234188748726761e-01,7.213966178221324632e-02
-1.970233433329641182e-01,5.890034117597158225e-01
9.914712957646263369e-01,-7.455977295654017678e-02
-1.177261833103579569e+00,3.387567228816766307e-01
1.138669323106298037e-01,-2.901042038691554747e-01
1.515372238886601164e-01,6.381560558541403694e-01
9.733562563019622083e-01,1.950259121089158443e-01
-1.218314305999105729e+00,7.303338686232760391e-02
-2.653910482080092947e-01,-3.236804883870223783e-03
4.604197303579852796e-01,5.095840330592247280e-01
8.760582295742230796e-01,4.486862874225188702e-01
-1.206017337726542404e+00,-1.958787364932961517e-01
1.092782006604629541e-01,2.905109521743897694e-01
6.585232444781258243e-01,2.561533099927146284e-01
7.057153096832423644e-01,6.647802040713460814e-01
-1.141076162774914637e+00,-4.562595530137734112e-01
3.296036593137341431e-01,-6.993825159582391093e-02
7.095550089630192625e-01,-5.517030639328598940e-02
4.739314024190029451e-01,8.226901549898861798e-01
-1.027160705708728639e+00,-6.971058020609834927e-01
-4.858637788659075224e-02,-2.870298718319374554e-01
6.051898145107310611e-01,-3.542682054894172317e-01
1.984055664519986939e-01,9.040451106677918069e-01
-8.704403031731710039e-01,-9.089796569776215085e-01
-2.100890280444257519e-01,1.714896723809600232e-01
3.628942378318040785e-01,-5.715280603834397288e-01
-9.659933093083790390e-02,8.947911657509662886e-01
-6.788697508391740021e-01,-1.084573328437453243e+00
2.461748433561217475e-01,2.137378446336490878e-01
3.022263659497514965e-02,-6.429818596583959378e-01
-3.806383891657061369e-01,7.882720902984603484e-01
-4.613939406769228535e-01,-1.218940130091352048e+00
2.564481585495950733e-01,-2.032113162858948663e-01
-3.085251397612340796e-01,-5.259244463011804038e-01
-6.193314905528033432e-01,5.889476618595863577e-01
-2.272191213876020022e-01,-1.309431970995989847e+00
-1.994300632533858864e-01,-1.849799588499990988e-01
-5.392537957288070505e-01,-2.307953602096909640e-01
-7.793542633016706800e-01,3.153818775259153440e-01
1.475842324494264744e-02,-1.355435848000629884e+00
-6.145843331072518151e-02,2.815865614983434351e-01
-5.642116808623598434e-01,1.505853677298215343e-01
-8.358091567324820170e-01,1.700500041364246147e-04
2.563383038829106231e-01,-1.358010125875858565e+00
3.256758573216841923e-01,7.713785994073654728e-02
-3.716425560766823399e-01,4.750123965822221073e-01
-7.793711987321997325e-01,-3.150578377079709114e-01
4.902318314055639226e-01,-1.319502248193900495e+00
1.124393398166989577e-01,-2.877564099605375292e-01
-4.593276755216625651e-02,6.339578089692027296e-01
-6.193307904522985519e-01,-5.886558740050347183e-01
7.101463190771277745e-01,-1.243200821769750108e+00
-2.633648006779371609e-01,4.189898291168188578e-03
2.966257951803336068e-01,6.005716367293737479e-01
-3.805744856631446682e-01,-7.879903661039401319e-01
9.107806073402032743e-01,-1.133046859590733035e+00
1.201623606087445922e-01,2.848515781909252698e-01
5.635128771552454507e-01,4.093434860131330288e-01
-9.644650291240251805e-02,-8.944614854384026481e-01
1.087768665444749150e+00,-9.934102646435618578e-01
3.219834116437582661e-01,-8.621781596890941424e-02
6.995895713017294959e-01,1.217148605715075993e-01
1.986342512847453778e-01,-9.035935692590012502e-01
1.237599015950684223e+00,-8.289266933106675950e-01
-7.431156483094331078e-02,-2.757544485961818115e-01
6.814751782032328897e-01,-1.930347982665495954e-01
4.741813401250174476e-01,-8.220507277700110915e-01
1.357528834488029190e+00,-6.443850553379096846e-01
-1.861636317738178115e-01,1.979617168688205253e-01
5.121180956477112689e-01,-4.644346859754251433e-01
7.058989582149475250e-01,-6.639131814149127342e-01
1.445504530615134176e+00,-4.446547685156242991e-01
2.680148529279652858e-01,1.855745418167115690e-01
2.215735149409512050e-01,-6.241192591496278474e-01
8.760682339706742372e-01,-4.475899693408181834e-01
1.500095816213641964e+00,-2.346423537122197256e-01
2.229849438479356571e-01,-2.302597466411495652e-01
-1.266290110159951354e-01,-6.145184207724412317e-01
9.730813847969029817e-01,-1.937417955273620929e-01
1.520446345248559483e+00,-1.926819609167789230e-02
-2.294668408290549133e-01,-1.346705057835809183e-01
-4.319278556416650816e-01,-4.118854306715254432e-01
9.908090054067492103e-01,7.594634136485868547e-02
1.506242816465901413e+00,1.965435421210097733e-01
-2.362551302719558249e-03,2.928385854167755431e-01
-5.787576688134393743e-01,-6.186561059747410635e-02
9.281679472187889246e-01,3.394496219305198625e-01
1.457703569334688920e+00,4.078685852012866042e-01
3.322095949581442276e-01,1.909731808814965973e-02
-5.006452013454222305e-01,3.117080645878292366e-01
7.890381079173381940e-01,5.748697159468290074e-01
1.375586668903639342e+00,6.097856645487684801e-01
4.079105503759768853e-02,-2.950004739496799866e-01
-2.337843137573512309e-01,5.702689663550446486e-01
5.825503822125136510e-01,7.609854001903547660e-01
1.261217237705695826e+00,7.973849128171106582e-01
-2.466783839454956273e-01,9.138833270694000921e-02
1.134170170917392223e-01,6.410072350679181241e-01
3.236595459489088888e-01,8.781985823503413169e-01
1.116533430396447812e+00,9.657879813500217514e-01
1.929085732184882829e-01,2.493625084251343549e-01
4.309723139964005689e-01,5.294289464247696753e-01
3.374914073145567767e-02,9.102011163972540952e-01
9.441496797033742672e-01,1.110187172815920498e+00
2.839905468959513790e-01,-1.602376965127393915e-01
6.431899240395287931e-01,2.858826086242842734e-01
-2.592657985973316759e-01,8.466248709347665713e-01
7.474342381934845347e-01,1.225912228430373174e+00
-1.631867210295202819e-01,-2.182571452065998618e-01
7.101855350707751979e-01,-2.300979888742538462e-02
-5.222375233911870085e-01,6.865879407950038482e-01
5.305947554106285047e-01,1.308535155995242727e+00
-9.465597479339407649e-02,2.637882490743156949e-01
6.208983537063929026e-01,-3.267737557270737891e-01
-7.205208809857484020e-01,4.422567195789698369e-01
2.987607983613022045e-01,1.354023427117029277e+00
3.144830483478229799e-01,9.612924734227780432e-02
3.902328735514773994e-01,-5.551490305266659764e-01
-8.244989829747072507e-01,1.404296330708600382e-01
5.804654503067156746e-02,1.358951996929640194e+00
1.217258289795693921e-01,-2.805411299365185296e-01
6.280802757538196668e-02,-6.427743901688219852e-01
-8.173092312312685292e-01,-1.802136444073469401e-01
-1.844327447735538972e-01,1.320780587526748429e+00
-2.600141516047993484e-01,2.541980126845925798e-03
-2.801321934332512420e-01,-5.435741873337157637e-01
-7.001296192394812490e-01,-4.767417347722340271e-01
-4.206259815092061038e-01,1.238192475469852782e+00
1.266699499928081174e-01,2.781922073467241185e-01
-5.253846476638254215e-01,-2.616236687503250558e-01
-4.917957686067038203e-01,-7.116121631377594348e-01
-6.417353057048029719e-01,1.111473702057680590e+00
3.110077253536622233e-01,-1.026345332193852322e-01
-5.702497564882590408e-01,1.180089430317743521e-01
-2.230004971669824754e-01,-8.597930409832997833e-01
-8.385692040533743175e-01,9.428858149252068444e-01
-1.043437611531973508e-01,-2.576620601944519806e-01
-3.936256860513412392e-01,4.526648701737943092e-01
7.145870070986422296e-02,-9.108971274556764142e-01
-1.002081491273153269e+00,7.369552269848682613e-01
-1.501339410743694758e-01,2.269545219769444899e-01
-7.413181711995790735e-02,6.273390829243438160e-01
3.589060203345109668e-01,-8.672169715235054088e-01
-1.124077350838762923e+00,5.005799980333297539e-01
2.912614166365991575e-01,1.425922243606199402e-01
2.712313734722400782e-01,6.084284488984795791e-01
6.121833508327629847e-01,-7.400744355345639791e-01
-1.198007746578508170e+00,2.428564768024606690e-01
1.677717201411255132e-01,-2.601702765903871062e-01
5.465317823421506072e-01,4.270911876669726825e-01
8.107180726717095887e-01,-5.463523469995361648e-01
-1.219711292934538616e+00,-2.542696651793001708e-02
-2.540298981326571393e-01,-5.181220990494806583e-02
6.935025877882483591e-01,1.439585699467488267e-01
9.403179175834391890e-01,-3.059703314272857466e-01
-1.187936280219765717e+00,-2.925966773437192470e-01
8.415242827820933191e-02,2.868522714467395818e-01
6.864905315712728218e-01,-1.714961684344803727e-01
9.925469315442748686e-01,-4.032050992401378653e-02
-1.104505688188927248e+00,-5.470728551945573948e-01
3.194520126689205930e-01,-6.844439349796052618e-02
5.266465210598133551e-01,-4.483186399163333058e-01
9.641786967513777951e-01,2.286120370422021209e-01
-9.740788458269571404e-01,-7.783300807831664558e-01
-7.063058693003472499e-02,-2.713583349138136147e-01
2.422235110274465197e-01,-6.173941037402258525e-01
8.569552999447301866e-01,4.787762408470443432e-01
-8.035759936483759525e-01,-9.776552068004679130e-01
-1.739679020108926277e-01,2.035277021532372610e-01
-1.052448524211125475e-01,-6.196000955286389278e-01
6.777174252093154383e-01,6.885344830810294914e-01
-6.014136686539743870e-01,-1.138590796123877702e+00
2.770859738674083528e-01,1.617040628980891126e-01
-4.166851565316338490e-01,-4.279580219498460569e-01
4.388764639980653470e-01,8.374025571989966998e-01
-3.767180377704040239e-01,-1.257050189167352450e+00
1.841764435865030358e-01,-2.490810545856188551e-01
-5.753492648708781187e-01,-8.340548183101753610e-02
1.590533696428947374e-01,9.073751542794112890e-01
-1.386460000237126622e-01,-1.331169209244567497e+00
-2.487526049242834436e-01,-6.985184663454221954e-02
-5.095741851231214703e-01,2.930245419008731811e-01
-1.365166738604160490e-01,8.851445186090853845e-01
1.041195791739271126e-01,-1.360994006853421645e+00
7.154789396421512571e-02,2.869790374003624023e-01
-2.500357382425606456e-01,5.603762770391476078e-01
-4.165595014858474721e-01,7.653242281077304865e-01
3.436899008927740140e-01,-1.348101764618259812e+00
3.189504561990281206e-01,-6.150077283584298726e-02
9.624972435492752665e-02,6.409410747241786055e-01
-6.463598660791122219e-01,5.541958879079434963e-01
5.731328749800488342e-01,-1.295226275868945232e+00
-6.759473131189630557e-02,-2.708267712409823669e-01
4.174832449276287272e-01,5.369529022227754744e-01
-7.931801679343269962e-01,2.724430254786071592e-01
7.865200552724972427e-01,-1.205929610129441443e+00
-1.719178422188956945e-01,2.035266209852706065e-01
6.356643742191590007e-01,2.976897849225261239e-01
-8.338505240229027171e-01,-4.554178665641949592e-02
9.788991580434329709e-01,-1.084337059419808291e+00
2.783944845094842857e-01,1.561100408907525050e-01
7.091810368878731508e-01,-1.017364501049350042e-02
-7.616057393962943900e-01,-3.573888964194900097e-01
1.146225933048393708e+00,-9.349365480407786366e-01
1.739394344429704420e-01,-2.527505980368810468e-01
6.257844282043966144e-01,-3.157522762126250826e-01
-5.883156478612412421e-01,-6.221111474238086858e-01
1.285279727835201946e+00,-7.624352561927865146e-01
-2.511348591118933160e-01,-5.241357154756385445e-02
3.994400899514324865e-01,-5.482580218993202692e-01
-3.406594161360110284e-01,-8.088054266912394485e-01
1.393578851120047535e+00,-5.716630399247620842e-01
9.034859808951177518e-02,2.821535111068163015e-01
7.387156527893108671e-02,-6.415801762259281116e-01
-5.267075513012665217e-02,-9.009625814797123100e-01
1.469305669751683086e+00,-3.675115397100048309e-01
3.113409308592720581e-01,-8.257580090540572737e-02
-2.704395877032180762e-01,-5.483440389609091081e-01
2.414481145565026132e-01,-8.959571876827373549e-01
1.511246259074606302e+00,-1.548989764791444679e-01
