0.000000000000000000e+00,-1.058558558558558627e+00
0.000000000000000000e+00,-7.882882882882883413e-01
0.000000000000000000e+00,6.756756756756756577e-01
0.000000000000000000e+00,5.405405405405405705e-01
-1.120028208435354555e+00,-3.222665766209071858e-01
-3.728009794111483144e-01,-7.050798975294120252e-01
-1.980227949727694503e-01,6.486804571895732341e-01
-8.596393397604434883e-02,5.344233380232409347e-01
-4.815202541945391435e-01,1.283275833468766391e+00
-6.852888842203168629e-01,-4.584929725673393963e-01
-3.839811819097862511e-01,5.682415970935162930e-01
-1.706072303359029152e-01,5.160778334753906016e-01
1.194955212007747791e+00,4.153952898614704514e-01
-8.630700768761644381e-01,-6.672665403516607474e-02
-5.449332641609553329e-01,4.363003911394803258e-01
-2.525622330523041859e-01,4.855195108784386981e-01
5.634617531015398972e-01,-9.224257411270091467e-01
-8.171437067289798462e-01,4.071081709333833065e-01
-6.664281573449890583e-01,2.573155772399018382e-01
-3.303662110178546274e-01,4.427984694812504562e-01
-7.263301070657063319e-01,-8.205463569788581379e-01
-4.882758837224633885e-01,8.172767592829306427e-01
-7.325791723142951462e-01,4.014908317467460325e-02
-4.024165902261424566e-01,3.880383955183994704e-01
-1.112119996776742115e+00,6.671793226561019141e-01
5.073261559000914050e-02,9.643994791073488004e-01
-7.275547436827518588e-01,-1.994832416092116034e-01
-4.669319364876514666e-01,3.214951605276458735e-01
7.483877575491365564e-01,1.128416422849056966e+00
5.665388033668932177e-01,7.585117034871156072e-01
-6.393646427770416363e-01,-4.369425986079373270e-01
-5.219241967538169602e-01,2.436387904645691271e-01
1.013622890076116834e+00,-5.230503928285913373e-01
8.456954977323358769e-01,3.222455221866700747e-01
-4.661452641993455437e-01,-6.391080038986333145e-01
-5.651916216461606579e-01,1.552619320839427608e-01
-2.048786176512390755e-01,-1.044221417491354664e+00
8.455289494667639350e-01,-1.455830627465032889e-01
-2.228936235738460392e-01,-7.700373174600031456e-01
-5.943464286896171789e-01,5.761519941166506897e-02
-1.200605492882935277e+00,-7.113065401265572518e-02
6.369376027499735748e-01,-5.147337404289611396e-01
5.650654609011277613e-02,-8.022730615966906509e-01
-6.068967047367245238e-01,-4.743505459305884242e-02
-1.159923199733078891e-01,1.379579191711296726e+00
3.080270888480171609e-01,-7.328374341511166845e-01
3.266274073882266538e-01,-7.284952580233494679e-01
-6.004075860537529952e-01,-1.572458451971634197e-01
1.222949231953150528e+00,1.003268252504296576e-01
-6.973890647948555177e-02,-7.858902272204635331e-01
5.450970676424324868e-01,-5.650418915344698201e-01
-5.727587087957745071e-01,-2.682664521648167044e-01
3.330342146470212650e-01,-1.016915956832110890e+00
-4.369221623482060224e-01,-6.721126606100070733e-01
6.851906608210607263e-01,-3.443126176430268970e-01
-5.225094267239343004e-01,-3.759899554784628672e-01
-9.297590040310044213e-01,-6.351735695380789082e-01
-7.312454006988324817e-01,-3.960635273631653575e-01
7.392309196868707133e-01,-1.022488063348706983e-01
-4.493467019161171971e-01,-4.750628912255484004e-01
-8.900738760547993733e-01,1.002486444012442357e+00
-8.745250992734577844e-01,1.848611922978859665e-02
7.139695818767769486e-01,1.310232169628147980e-01
-3.545405197285131371e-01,-5.596219813264153853e-01
1.037738470705152904e+00,8.135499509869065227e-01
-7.775822391538156353e-01,4.950725487148073256e-01
6.235709432142065856e-01,3.345175592703398815e-01
-2.412759668584300299e-01,-6.238873952165449044e-01
8.091983240274727152e-01,-7.596446303032806657e-01
-3.972476866976441534e-01,8.710605863785914060e-01
4.842309867456209282e-01,4.955269219350608711e-01
-1.147017147401057646e-01,-6.629542229679961096e-01
-4.905192078835695080e-01,-9.620695766007167915e-01
1.590018194629619908e-01,9.517134360096839441e-01
3.113773749425585158e-01,6.072041582043004038e-01
1.842576483438551280e-02,-6.736123585245613610e-01
-1.214517139443768157e+00,3.273186660119717373e-01
6.423347196144046922e-01,6.867524616757363365e-01
1.188508994954813880e-01,6.662722801749639823e-01
1.504965823686937876e-01,-6.549531280063115579e-01
4.074307488272661537e-01,1.318341961026565423e+00
8.663935306267657177e-01,2.292890673493617193e-01
-8.082003997698164466e-02,6.714436079647839728e-01
2.740409794365220031e-01,-6.085522398435194713e-01
1.139715131463429287e+00,-2.942733718436449930e-01
8.188440031933181817e-01,-2.274939670969722272e-01
-2.756513176905087681e-01,6.226200711555429645e-01
3.826805673616185399e-01,-5.381563285852478673e-01
2.524340488809240831e-03,-1.066059045349659451e+00
5.799319855709319516e-01,-5.702333511532459154e-01
-4.532898983813843929e-01,5.208232904221198334e-01
4.717847082723994889e-01,-4.489943935521679697e-01
-1.137421340893423061e+00,-2.994281941208988829e-01
2.357582709873360938e-01,-7.568247421006024656e-01
-6.001882314864176449e-01,3.688467668744957462e-01
5.387100674542388834e-01,-3.469429476654873334e-01
-4.121849396321689563e-01,1.317650800721088311e+00
-1.451861025747309408e-01,-7.769644407156073296e-01
-7.012026341410187991e-01,1.726957865328416775e-01
5.826597284504780871e-01,-2.377761824516953781e-01
1.217919463242744582e+00,3.235695695866120380e-01
-5.038574487477077701e-01,-6.300043173042740863e-01
-7.401396706344697263e-01,-5.625095950322684529e-02
6.043018905255181927e-01,-1.266411367338921012e-01
4.800002819981021851e-01,-9.700109116196460324e-01
-7.753136008654367695e-01,-3.227139514178073987e-01
-7.020918167676603039e-01,-2.987518674919628636e-01
6.053056223065166330e-01,-1.778812494612186726e-02
-8.297335215008173614e-01,-7.449659491118791887e-01
-8.773501487081993844e-01,1.137101385722569941e-01
-5.783300860179224623e-01,-5.263318596965829155e-01
5.879101062353401241e-01,8.548814039963578693e-02
-1.011669070803100423e+00,8.586209740169962190e-01
-7.228386093240234400e-01,5.866247569993596755e-01
-3.732296327733275465e-01,-7.035846376736041297e-01
5.545886741451000468e-01,1.807705226609939986e-01
9.428807546247558458e-01,9.507483473285323061e-01
-2.909192173021656336e-01,9.169075387298957214e-01
-1.098230139180918219e-01,-7.964028001138396817e-01
5.078184779365046975e-01,2.663767358526826778e-01
8.860428693102125886e-01,-6.924355568219831003e-01
2.730279132676851628e-01,9.230899604578776119e-01
1.717122881708390281e-01,-7.844379703051984620e-01
4.499433744961911508e-01,3.411955476117125574e-01
-4.182805089930931586e-01,-9.957659170113506431e-01
7.130486051933152547e-01,6.010453542315427056e-01
4.252012188844292440e-01,-6.703765489303060710e-01
3.831092106925814145e-01,4.045343908149811041e-01
-1.227357479801249651e+00,2.430551103277191760e-01
8.771829524164767022e-01,1.290224117830955919e-01
6.135707373732089964e-01,-4.786511366608715012e-01
3.092472799537658856e-01,4.559910624578064620e-01
3.298640102577027888e-01,1.346937048420571603e+00
7.818800376119142692e-01,-3.110727987687912921e-01
7.180787604346153818e-01,-2.446833885530611541e-01
2.300882953314140056e-01,4.953526433695964459e-01
1.158905549626085829e+00,-2.560949673594084541e-01
5.138020517102316331e-01,-6.234719755874505998e-01
7.378421865103570454e-01,-2.876193178040618685e-03
1.471939929565858063e-01,5.225201966632001538e-01
2.193250011995089011e-02,-1.070460560909845871e+00
1.560294283717895414e-01,-7.754909358852757340e-01
6.835223111284796094e-01,2.202725222939188876e-01
6.199816355513609184e-02,5.374558286309285560e-01
-1.139990513641868208e+00,-3.048431275037832289e-01
-2.257794694446348394e-01,-7.599235133206895254e-01
5.706647953197142575e-01,4.074210363193391804e-01
-2.414746182163746840e-02,5.401484575548345379e-01
-3.965355406215625433e-01,1.327385182806057440e+00
-5.723379883758284992e-01,-5.772758711364818218e-01
4.153871058220289236e-01,5.485824453185338401e-01
-1.099251651768234778e-01,5.305967189777818227e-01
1.226138275907853181e+00,2.910199246572072740e-01
-8.152672380920602535e-01,-2.374643683412621664e-01
2.325157192332760470e-01,6.386192368795889918e-01
-1.940043576815222992e-01,5.088058008685827360e-01
4.438485122203036926e-01,-9.896052942079957004e-01
-8.684370692617260357e-01,2.184794606388183180e-01
3.530925458714707921e-02,6.752276354585875495e-01
-2.749931049145189488e-01,4.747979968963975672e-01
-8.769719291956465934e-01,-7.057833201480998575e-01
-6.502655868370211811e-01,6.788076242343961120e-01
-1.640065072524228840e-01,6.576694866938944672e-01
-3.513911673450502704e-01,4.286394957887952883e-01
-9.486231552138860712e-01,9.487699462692874564e-01
-1.696328051896735523e-01,9.503452316116660636e-01
-3.533684916873452986e-01,5.862855409203738821e-01
-4.215465539253089311e-01,3.704845573770339517e-01
1.024850216973715478e+00,8.486216395557742986e-01
3.894665868242534468e-01,8.759277244722616373e-01
-5.199708249315206920e-01,4.627274128755176630e-01
-4.836189075728478670e-01,3.006405072514048982e-01
8.104087366092251887e-01,-7.706045795026468248e-01
7.752913939035599444e-01,5.016679316747042483e-01
-6.495677791476602847e-01,2.909344940727666695e-01
-5.355563222246354504e-01,2.196573356734392579e-01
-5.302825794763018630e-01,-9.539777726925166013e-01
8.760480019987422207e-01,2.300419524351568143e-02
-7.263841954816947499e-01,7.890102863981995895e-02
-5.750961690751700273e-01,1.284442359081501284e-01
-1.206198207361623975e+00,4.234696112709127047e-01
7.336993171081293008e-01,-3.945563030606394350e-01
-7.343063725125236196e-01,-1.589118832651355562e-01
-5.998056573107378719e-01,2.841220918312860333e-02
5.584471503597783215e-01,1.262741148294768800e+00
4.382776881779575917e-01,-6.727349447295923879e-01
-6.602694138750384578e-01,-3.993072454638348923e-01
-6.071849324141367354e-01,-7.836430558094248378e-02
1.084573527486879518e+00,-4.322049253651706335e-01
6.908740826138820568e-02,-7.871291990698174867e-01
-5.002206780066008607e-01,-6.101968579640979495e-01
-5.948539259558646153e-01,-1.889911799619251875e-01
-1.559716225009508406e-01,-1.065399247556741757e+00
-3.106702216395771932e-01,-7.330587229621360335e-01
-2.661015395437013042e-01,-7.552850419510598323e-01
-5.608412454017225324e-01,-2.996388106299044951e-01
-1.212501576036522311e+00,-7.848594549373584528e-02
-6.406606130424198353e-01,-5.123825067984162374e-01
1.090871435153020590e-02,-8.047059526275703867e-01
-5.039784873832208190e-01,-4.055313875813974511e-01
-5.312410725905863940e-02,1.396069330119638963e+00
-8.482924115357793893e-01,-1.395489224860950728e-01
2.861572643136479077e-01,-7.472945759964741974e-01
-4.243614713593545917e-01,-5.011155524654588023e-01
1.226625201262024678e+00,-2.868722526912908903e-03
-8.442125449367406942e-01,3.315832914149398625e-01
5.155596066852662362e-01,-5.959080938977950881e-01
-3.237870232878259369e-01,-5.804715465074387071e-01
2.115689427502463749e-01,-1.058677768456438573e+00
-5.575774442906895612e-01,7.675598463311821273e-01
6.692699787708400461e-01,-3.813456450091591843e-01
-2.060206932593850460e-01,-6.379757467721108855e-01
-1.056916645468420457e+00,-4.827800418380637781e-01
-3.499739247725934532e-02,9.665720194589929593e-01
7.367088367138391325e-01,-1.399307939246875188e-01
-7.673717446909097961e-02,-6.691243118839537152e-01
-6.216360502785464037e-01,1.230875144673521548e+00
5.041007292231243220e-01,8.084040316642900903e-01
7.228572104862310832e-01,9.678287790258266465e-02
5.695828079917718972e-02,-6.713188065110313740e-01
1.199791156070590947e+00,4.690092277363311912e-01
8.256518936963878064e-01,3.896916113145112437e-01
6.412096372823845591e-01,3.062705375840082400e-01
1.873789935201153056e-01,-6.443707372113581799e-01
5.486228433942309524e-01,-9.504084326270129113e-01
8.611931814357411952e-01,-8.678821727994451285e-02
5.079677143993366339e-01,4.746220924336549407e-01
3.072714100663299086e-01,-5.905382129632319455e-01
-8.129216391199007852e-01,-7.743140614335418670e-01
6.735681878254423660e-01,-4.759610075234446680e-01
3.388469358517581798e-01,5.942155739915803148e-01
4.107040591713764788e-01,-5.140850374638733511e-01
-1.014648564445964185e+00,8.715728917071577930e-01
3.532709855592636172e-01,-7.161380705777230515e-01
1.480034915545768437e-01,6.613340790343785747e-01
4.936103232296291665e-01,-4.205217321948808706e-01
9.872066373660505212e-01,9.109763951175265939e-01
-2.460192129588804205e-02,-7.899026878693848897e-01
-5.181214284998857805e-02,6.744527755043226991e-01
5.539079342233215186e-01,-3.157725224825287391e-01
8.361058575340957200e-01,-7.559756415583265277e-01
-3.986991883094396782e-01,-6.945788869817787203e-01
-2.485185515957990809e-01,6.333151705686262956e-01
5.912710866516768249e-01,-2.054798587270115495e-01
-5.290840270797054767e-01,-9.614458228490633251e-01
-7.066518294638999276e-01,-4.338471077227968875e-01
-4.297998152127499583e-01,5.387692763662607076e-01
6.067088280734971306e-01,-9.455381451316900721e-02
-1.206485492461278675e+00,4.483220878615519767e-01
-8.709656011392057362e-01,-2.862390733066387874e-02
-5.822481523679321480e-01,3.933064173494387750e-01
6.020998660750339626e-01,1.302983986611099508e-02
6.134123041117552910e-01,1.239563542703170596e+00
-8.007758859403040219e-01,4.507515039057948258e-01
-6.908641238911490401e-01,2.023926916877311077e-01
5.797848222830239706e-01,1.142400678098460937e-01
1.057132555350690506e+00,-4.916073618627591069e-01
-4.432554348760403551e-01,8.475893359571331498e-01
-7.394302472343752264e-01,-2.343169162231243524e-02
5.422611447783883820e-01,2.068883062965141406e-01
-2.354510163984908089e-01,-1.059057781384163954e+00
1.098280364258201192e-01,9.607657699805727258e-01
-7.125629081802371534e-01,-2.660417610079371387e-01
4.919805047563103328e-01,2.894742848891493914e-01
-1.236745245104388102e+00,4.832536558505711594e-02
6.120265713403607588e-01,7.197481120438046220e-01
-6.002691859306817923e-01,-4.980655723370557841e-01
4.312359368689740458e-01,3.610229278867455593e-01
1.506451668216022000e-01,1.393698482822157247e+00
8.609365062431743043e-01,2.670092061713850162e-01
-4.047618494912001430e-01,-6.845267651067561410e-01
3.621131315032258824e-01,4.209381427070051362e-01
1.196860553804479199e+00,-1.769258232793281538e-01
8.312306917693307318e-01,-1.980168253681331425e-01
-1.465656524238005687e-01,-7.903018140700744931e-01
2.864844157254047285e-01,4.688821696621805479e-01
4.923960309720743639e-02,-1.082225318177172158e+00
6.010692435184560312e-01,-5.531280091405457178e-01
1.357806355643947915e-01,-7.924302673282795917e-01
2.060290721183988261e-01,5.046821007672974702e-01
-1.159067214252648359e+00,-2.895870755761079662e-01
2.589534170480009556e-01,-7.516496110003233477e-01
3.958080592994397962e-01,-6.903936046380718672e-01
1.222685133293954507e-01,5.282613876404326225e-01
-3.080460773417846854e-01,1.365302349856935438e+00
-1.242770680981086506e-01,-7.818000861196797713e-01
5.943599563247575768e-01,-5.063781375199709611e-01
3.660919392081610907e-02,5.395926038714815576e-01
1.244875152569899779e+00,1.637451016595506126e-01
-4.882621121645226991e-01,-6.425687061684761670e-01
7.100784248689379075e-01,-2.752858704995079786e-01
-4.961021160369348537e-02,5.386685240197408575e-01
3.129161108376897760e-01,-1.044867292501986844e+00
-7.674936099859459571e-01,-3.402891294576153580e-01
7.400838511665275288e-01,-3.232764229747715073e-02
-1.350716503644675548e-01,5.254895098061436176e-01
-1.018123725349038722e+00,-5.560845930773967716e-01
-8.791855842784097597e-01,9.499278960628404489e-02
6.940248051041217892e-01,1.947105754991268478e-01
-2.184296433247699398e-01,5.000637258871428736e-01
-6.899171585338551571e-01,1.196650471453359010e+00
-7.342041887082689788e-01,5.723546993197854427e-01
5.872017292365560026e-01,3.873112401651868653e-01
-2.982629286447310291e-01,4.624228845772558882e-01
1.198473768098415659e+00,5.019256459118004443e-01
-3.071876519751445822e-01,9.125240032115049527e-01
4.358877307921654731e-01,5.346632676359520664e-01
-3.730283741464407443e-01,4.126538616829327211e-01
5.477252235097754829e-01,-9.596876369360978209e-01
2.600059150922655604e-01,9.287209069452665444e-01
2.551797654534487259e-01,6.311356832535462980e-01
-4.410188712299715763e-01,3.509487682450931345e-01
-8.454573005024812460e-01,-7.557080260158968166e-01
7.079745944278508230e-01,6.104828604696980188e-01
5.857737973089370553e-02,6.741483505725367475e-01
-5.003297603529391901e-01,2.776770335251925181e-01
-9.641149037444335379e-01,9.501523324341013543e-01
8.783219921359816107e-01,1.362366220417401408e-01
-1.415421257147349010e-01,6.628119755686415759e-01
-5.488416135448735966e-01,1.934828894689975542e-01
1.065959538295730979e+00,8.083567941681631952e-01
7.851440844778919681e-01,-3.080526055614321024e-01
-3.330747525278007770e-01,5.973470238213216543e-01
-5.842311335939501804e-01,9.941019746335502671e-02
7.485824012995776489e-01,-8.386683531905222422e-01
5.160827028436857367e-01,-6.237604929429904077e-01
-5.032710614628175261e-01,4.792315081183637360e-01
-6.040280558185047166e-01,-2.946595566711284007e-03
-6.619627728156679547e-01,-8.978938747633841144e-01
1.557802920390975177e-01,-7.771370236893456740e-01
-6.379844510290788584e-01,3.121012579799633535e-01
-6.057415169186582959e-01,-1.112802096508723748e-01
-1.134489702141467937e+00,6.798441352825850270e-01
-2.288095587153893273e-01,-7.607349623859479548e-01
-7.215021324085730825e-01,1.034442323007041115e-01
-5.870752384672678348e-01,-2.224205533807028790e-01
8.669715967303102122e-01,1.059053842494380282e+00
-5.772120433556705565e-01,-5.751056008653022689e-01
-7.375563872828222456e-01,-1.330280635208816731e-01
-5.462506224114312969e-01,-3.322430035333090448e-01
9.129373973364853789e-01,-6.933603669938261937e-01
-8.195961275180523309e-01,-2.306387915881695228e-01
-6.724517772959829331e-01,-3.750100069739872310e-01
-4.824279838599704884e-01,-4.357038124398736056e-01
-4.811940458021194966e-01,-9.932111898463445998e-01
-8.681497786544287720e-01,2.299536492230788987e-01
-5.208295115475748416e-01,-5.910810369143061349e-01
-3.961738936442077419e-01,-5.270769480661687822e-01
-1.221825500145840016e+00,4.209788204896764974e-01
-6.409511967866867721e-01,6.910360287556250869e-01
-2.927579668761894904e-01,-7.448098047844331493e-01
-2.898652444817184648e-01,-6.004442719533886752e-01
6.290520461136279717e-01,1.240467270963517166e+00
-1.512481559641324080e-01,9.552234727237576273e-01
-1.766868887341141794e-02,-8.049322418916724509e-01
-1.678738255052013018e-01,-6.504220679463903476e-01
1.040520814192039900e+00,-5.348880833960919512e-01
4.091388395949412393e-01,8.675174254525979123e-01
2.604009929856687111e-01,-7.579045591472218790e-01
-3.638388172205234139e-02,-6.730001502405482672e-01
-3.117075667813055118e-01,-1.051798670976889394e+00
7.867958793395037898e-01,4.825993983125888009e-01
4.963956655815945918e-01,-6.143303504522934499e-01
9.721064397024770098e-02,-6.662710950026561330e-01
-1.250532647655442586e+00,1.916073318732842423e-01
8.755939083623390795e-01,6.322067711035249567e-04
6.585264012264583355e-01,-4.038941791347692156e-01
2.252371064759715047e-01,-6.308065901109383145e-01
3.812343035215193243e-01,1.352054768195177781e+00
7.223681164055199000e-01,-4.140388785825812601e-01
7.343387202347920750e-01,-1.630799683494072727e-01
3.407505134647473843e-01,-5.695417266787251576e-01
1.133305957775623485e+00,-3.738570643031558505e-01
4.187942786997880806e-01,-6.854048587306945661e-01
7.276263771037551065e-01,7.566570654073617730e-02
4.383387088600859682e-01,-4.872141681303676641e-01
-1.589520104368091213e-01,-1.082786319902609096e+00
4.452621154050311753e-02,-7.903018078479804309e-01
6.514232072023284914e-01,2.888136057345460084e-01
5.145382331088115269e-01,-3.895541627144816776e-01
-1.242047991956085840e+00,-1.470773816772107502e-03
-3.366285455687563211e-01,-7.244773096385905831e-01
5.219295774165034763e-01,4.616613144440900318e-01
5.678350786330464972e-01,-2.824730167374210343e-01
1.476239968746204667e-01,1.404118761615901878e+00
-6.627390705129515558e-01,-4.903154614434692138e-01
3.550513663484737847e-01,5.860710303591397663e-01
5.983597196847412203e-01,-1.714344337858146883e-01
1.195416198858110235e+00,-2.197200336147582533e-01
-8.585348987228227369e-01,-1.043878213469573851e-01
1.651724806267248213e-01,6.580261029950719154e-01
6.074370480896126301e-01,-6.108202636166014388e-02
-2.618659993841967321e-02,-1.094308145522366438e+00
-8.325931720015565807e-01,3.734153104782609311e-01
-3.478378485670313713e-02,6.758472970863457219e-01
5.971293334767758809e-01,4.489658034136802950e-02
-1.213212211168902543e+00,-1.576583482117463464e-01
-5.186065272838081830e-01,7.995568865443485329e-01
-2.326480435774476441e-01,6.391858752530169552e-01
5.698574226710058088e-01,1.437381247299840958e-01
-5.556639204214937344e-02,1.412959045029848149e+00
2.015746287994631472e-02,9.684721423180546740e-01
-4.160889669402805247e-01,5.487880503734134940e-01
5.281258542625990593e-01,2.334799435463433270e-01
1.232515224190846137e+00,-8.052996307552762190e-02
5.496852850869436979e-01,7.760902509368687863e-01
-5.717392285413094299e-01,4.069879425062857270e-01
4.743503886108251244e-01,3.127979379826266726e-01
8.477832469733813381e-02,-1.093382237222519260e+00
8.438426493136986783e-01,3.394365232185103110e-01
-6.846509737537578300e-01,2.189772422694341858e-01
4.107670217460285267e-01,3.808471035368592439e-01
-1.176374545033570085e+00,-2.793873843207138608e-01
8.512498278909240712e-01,-1.360993083384546554e-01
-7.385759149452905126e-01,-5.139278133493472081e-03
3.393983055539810390e-01,4.371221473268486757e-01
-2.202932983054870508e-01,1.396112738529343922e+00
6.428367183350077729e-01,-5.130021417001356943e-01
-7.178625463527018580e-01,-2.478074820545725920e-01
2.620570158147267903e-01,4.813449406814413467e-01
1.251266885501011838e+00,3.735874303888406245e-02
3.097864904737910319e-01,-7.355339683986967803e-01
-6.118495973329247661e-01,-4.822245224065209168e-01
1.803720632645187671e-01,5.133789121069346484e-01
1.729559588822741079e-01,-1.085963037103206741e+00
-7.361663250588731944e-02,-7.887320166755188433e-01
-4.216095397042393111e-01,-6.736412763660056813e-01
9.582670168806745048e-02,5.331672635080058065e-01
-1.140283692801107307e+00,-3.698992888560839187e-01
-4.455634675056699412e-01,-6.707097964441119942e-01
-1.663180736090899281e-01,-7.864013946732270055e-01
9.803559858285489440e-03,5.406914785022073344e-01
-3.443717299302135881e-01,1.368921322442662403e+00
-7.411502338681882351e-01,-3.864991165688326236e-01
1.163772866377773690e-01,-7.961442071466648951e-01
-7.636826596299829684e-02,5.359482598110065776e-01
1.258403944668145424e+00,1.294894595104175705e-01
-8.788804136401822120e-01,3.802921482039266915e-02
3.798616281938336225e-01,-7.006128266321565157e-01
-1.613658880756707326e-01,5.189400821342969872e-01
2.380228246804047265e-01,-1.076892608374046434e+00
-7.671146549773282253e-01,5.205079447756981725e-01
5.838525397755817137e-01,-5.207564952862501206e-01
-2.438235861291180306e-01,4.896805157529986463e-01
-1.111000388530198890e+00,-4.323623498627182093e-01
-3.668579411053564665e-01,8.889230867023548699e-01
7.055478188078079249e-01,-2.911832848762178627e-01
-3.222851907029524732e-01,4.482148030589571674e-01
-4.286886419158826289e-01,1.343199776917903820e+00
1.998523549097736551e-01,9.461202546773116451e-01
7.409606614561522475e-01,-4.756483248412881476e-02
-3.951588385203070874e-01,3.946569152564720073e-01
1.259856137850114077e+00,1.928401051151212853e-01
6.736922041581516751e-01,6.557317959328532453e-01
6.991882317840643069e-01,1.815821536277489601e-01
-4.606768390139121538e-01,3.292461525818621837e-01
2.798832383694896397e-01,-1.069813154528329591e+00
8.753862250982444859e-01,1.854768969216465946e-01
5.954085870709746597e-01,3.770857096674514186e-01
-5.168661106668416272e-01,2.524269434646311261e-01
-1.092427117104713741e+00,-4.692918683968765881e-01
8.045030515317264097e-01,-2.699833186307730726e-01
4.459977393415813229e-01,5.276642898970703710e-01
-5.615381119984349523e-01,1.649549650914210464e-01
-4.752436472018665148e-01,1.326887548433620223e+00
5.469144649878960873e-01,-6.018687891580652982e-01
2.662276927181839725e-01,6.274048597968203689e-01
-5.923118124580930566e-01,6.803140880557025094e-02
1.260132278657288829e+00,2.255930733118095832e-01
1.899993686863450382e-01,-7.714971416124491999e-01
6.975818492793826875e-02,6.735754962386655276e-01
-6.066909558895270393e-01,-3.654091915039055921e-02
2.984059235509686769e-01,-1.067186285572857551e+00
-1.969864805725692058e-01,-7.698995786338512781e-01
-1.309225470976541073e-01,6.652034539235369692e-01
-6.022149205256930315e-01,-1.461955053701835539e-01
-1.086874893207834925e+00,-4.820635056075699421e-01
-5.527407568929526560e-01,-5.971353956266594043e-01
-3.236426486696594718e-01,6.024526186919189064e-01
-5.767079491870623631e-01,-2.574631615511616123e-01
-4.853500792546568410e-01,1.324333513405070439e+00
-8.077432156273078867e-01,-2.624471613620208421e-01
-4.956367208337165153e-01,4.867319515720936463e-01
-5.286363995385615633e-01,-3.659126167176753874e-01
1.261673168412947632e+00,2.267723054080950373e-01
-8.742919339464787498e-01,1.946669876608537186e-01
-6.327697536253494848e-01,3.215555978453905617e-01
-4.575534261039119754e-01,-4.662415126504197982e-01
2.934120069507102357e-01,-1.070137761733356063e+00
-6.669272962365330182e-01,6.638088806409594422e-01
-7.193121290739372675e-01,1.142106203245406015e-01
-3.645616553375093383e-01,-5.525903254923608676e-01
-1.095256340026628639e+00,-4.709473480426743519e-01
-1.885221556223859729e-01,9.489729966284954354e-01
-7.388921611076892937e-01,-1.218717716817472874e-01
-2.526664601442243918e-01,-6.191152449531954760e-01
-4.588658101296369529e-01,1.336649455180375812e+00
3.781823526969149141e-01,8.841990805491637406e-01
-6.775262730872059214e-01,-3.647060279238412139e-01
-1.268585506024031140e-01,-6.607708717806684007e-01
1.264556936020164057e+00,1.958227104134104835e-01
7.736529712113976442e-01,5.101393616743737924e-01
-5.293068374148209854e-01,-5.830882928711078605e-01
6.200911795229881000e-03,-6.741426161522987570e-01
2.644544034720660575e-01,-1.078418960600380005e+00
8.789151187825359202e-01,2.600814735581134796e-02
-3.035600274550446231e-01,-7.404584911184005636e-01
1.389102532556013014e-01,-6.580899347128132959e-01
-1.117059937443729556e+00,-4.349608792495634479e-01
7.353717788234785946e-01,-3.969345854212116276e-01
-2.906437571178368054e-02,-8.049336169000022023e-01
2.637137200302698825e-01,-6.139724002083959409e-01
-3.941653952570329800e-01,1.361495317921940007e+00
4.354540752206691456e-01,-6.775170351206425412e-01
2.503133602014206427e-01,-7.619935442606641240e-01
3.740743445506182208e-01,-5.453799355804948013e-01
1.266455585608784462e+00,1.328156398731174803e-01
6.082699627585764351e-02,-7.905152820521869073e-01
4.890555569200576991e-01,-6.213530842272020349e-01
4.651699642005502344e-01,-4.574648134045548042e-01
2.108405142422943024e-01,-1.090407073989237308e+00
-3.233030534112274479e-01,-7.311373362564511647e-01
6.545362945794267473e-01,-4.123100039321610510e-01
5.341723248654196565e-01,-3.561043772268124852e-01
-1.150272246220315875e+00,-3.717152782744979067e-01
-6.543293824581334350e-01,-5.015493804108221987e-01
7.335366779949514804e-01,-1.714889598890270983e-01
5.801335783325914930e-01,-2.471315452080072583e-01
-2.883132485118865551e-01,1.392762646504944524e+00
-8.565979825587026752e-01,-1.177825119982960494e-01
7.294008434534001717e-01,6.824730387671046339e-02
6.036168051241207477e-01,-1.357832924817961029e-01
1.262683322826589682e+00,3.868320094229235617e-02
-8.377904301453102942e-01,3.613795761250062633e-01
6.550145258078767796e-01,2.829270981418341435e-01
6.062307184030012452e-01,-2.640864926034218463e-02
1.318513477060467287e-01,-1.102931748986175631e+00
-5.291048434258476263e-01,7.931407848386731185e-01
5.266253929453884597e-01,4.575098454888865129e-01
5.901916715307327088e-01,7.760463637432693518e-02
-1.190902706129747912e+00,-2.776883978449382617e-01
9.561289433833016979e-03,9.697260148337670804e-01
3.602584611503386602e-01,5.836474017237696099e-01
5.579752427691746508e-01,1.737629143837155499e-01
-1.383330734823180752e-01,1.420026765066217278e+00
5.439383401572628340e-01,7.820259628070248548e-01
1.704168938480582762e-01,6.572098286457506156e-01
5.120752106584489649e-01,2.603233344260049709e-01
1.246562538164035949e+00,-8.441514667162010321e-02
8.433062582448889177e-01,3.450854229938619122e-01
-2.987023859203479306e-02,6.764550625443377374e-01
4.548598893709616675e-01,3.361301174979374751e-01
2.685986002014263685e-02,-1.111233816457297019e+00
8.531729854817787784e-01,-1.332791907338248816e-01
-2.283550397817321886e-01,6.410037210126661167e-01
3.885016151197040468e-01,4.004599730182091255e-01
-1.232289372479347334e+00,-1.484671062220796200e-01
6.445500186045808322e-01,-5.128961913357094060e-01
-4.126513325745053695e-01,5.515789593675756164e-01
3.149569524541819265e-01,4.528907358311275444e-01
5.646540771698863037e-02,1.427977889219314900e+00
3.097724876090094392e-01,-7.368149038001010620e-01
-5.693477292329062189e-01,4.104821800218323435e-01
2.359789045583106371e-01,4.931974759716948875e-01
1.210154230023239297e+00,-2.323428701609223657e-01
-7.581746792572763294e-02,-7.897440112214214603e-01
-6.834465470953370314e-01,2.228680229735964802e-01
1.531476507179641566e-01,5.212747695552570892e-01
-1.043219293751439652e-01,-1.108955718001991331e+00
-4.494941053518560770e-01,-6.697665615046338727e-01
-7.386335708178376480e-01,-1.212971352608983866e-03
6.791179818504967935e-02,5.370815473179434418e-01
-1.264122522144968785e+00,2.072723054954816319e-02
-7.453117687695699489e-01,-3.821245899041842975e-01
-7.191485768499350506e-01,-2.442640071757440912e-01
-1.836559918734808824e-02,5.406064487079537129e-01
2.915105792501747062e-01,1.397053156259387752e+00
-8.804562234766235562e-01,4.640481272660806900e-02
-6.141577466121801443e-01,-4.794916971546838158e-01
-1.043604107299626882e-01,5.318486552385240929e-01
1.145121161843413393e+00,-3.985708152553408823e-01
-7.623950442411693285e-01,5.309800485421709570e-01
-4.245337481571468952e-01,-6.720574556379105280e-01
-1.887383716918026588e-01,5.108132904075299852e-01
-2.608544960942740243e-01,-1.087973445929932836e+00
-3.540992444568095698e-01,8.958352039460302230e-01
-1.693002562502523844e-01,-7.860841054319142041e-01
-2.701066615708843099e-01,4.775218976990229236e-01
-1.271063782330390524e+00,2.334157404596982066e-01
2.163491113328148696e-01,9.432327742874816456e-01
1.138947966087736074e-01,-7.969048021802800363e-01
-3.469668091155017065e-01,4.320381055174137286e-01
5.533789536719087021e-01,1.306156798810014008e+00
6.858038263155000758e-01,6.427906585067690859e-01
3.782314008684419804e-01,-7.020097034580695672e-01
-4.176706380492277160e-01,3.745107872057668041e-01
1.043746673993607432e+00,-5.740738317623527154e-01
8.782967696691027504e-01,1.678768389663674587e-01
5.831296349769190535e-01,-5.222771458155556212e-01
-4.803828123283807039e-01,3.052379847071218788e-01
-4.402702876766531048e-01,-1.038284710727297666e+00
7.981626784992046364e-01,-2.866240966451046868e-01
7.055401022338843031e-01,-2.924247442536047625e-01
-5.330564405881652590e-01,2.247551542433006144e-01
-1.231350959970185732e+00,4.889618512654084759e-01
5.333509203860499204e-01,-6.138816074945500079e-01
7.413551594227174579e-01,-4.830928637514751711e-02
-5.734318471692841923e-01,1.339511510506962988e-01
8.175044684834985587e-01,1.138063031750521370e+00
1.716546693136635771e-01,-7.765560706090942622e-01
6.996674740309969387e-01,1.813706689779235048e-01
-5.990761839323572868e-01,3.421080630625851493e-02
9.000190981177226268e-01,-7.473666013953560450e-01
-2.173765896843712353e-01,-7.661917437880152448e-01
5.957165014968485162e-01,3.773184354114849093e-01
-6.074816513427762077e-01,-7.242540739480834988e-02
-6.374648613953186604e-01,-9.479141218516358158e-01
-5.714796437505773596e-01,-5.831536239825171331e-01
4.459574271847903115e-01,5.281832275870109727e-01
-5.962471486022447031e-01,-1.831009020254233677e-01
-1.116440441548084195e+00,7.774651511599555143e-01
-8.192592942470963147e-01,-2.378064814052466835e-01
2.657412095850614775e-01,6.280114937404476239e-01
-5.633639630384015273e-01,-2.940238771759835501e-01
1.050101593668820499e+00,8.863902812985297031e-01
-8.709522129522082601e-01,2.266890184251642570e-01
6.880280549282898062e-02,6.740593446081742934e-01
-5.076066582718717912e-01,-4.004493175378707193e-01
7.103615206910661728e-01,-9.048259331882402279e-01
-6.425052485874861441e-01,6.925724723951193207e-01
-1.323008010156071501e-01,6.653542010044821708e-01
-4.289948560654313070e-01,-4.968370558148209049e-01
-8.429181685198183782e-01,-8.029172072276689054e-01
-1.474114933694033458e-01,9.580624496820124847e-01
-3.253337361820914930e-01,6.020661823388893108e-01
-3.292367033073891891e-01,-5.772515276377510052e-01
-8.944606220953356113e-01,1.071555057011712053e+00
4.174707680229829965e-01,8.655459879167718418e-01
-4.974472050892851382e-01,4.856251804826935414e-01
-2.120102483674236871e-01,-6.360158376510689493e-01
1.214719809625479652e+00,5.608258702749902014e-01
7.938698920295590433e-01,4.732823454658249829e-01
-6.344140121422657819e-01,3.195960173429316931e-01
-8.292505561619771537e-02,-6.685346433492357354e-01
4.741544469994731781e-01,-1.031066637898257143e+00
8.763783999944941838e-01,-1.345056781177782906e-02
-7.204092875863948864e-01,1.113630983894046828e-01
5.093953052682376886e-02,-6.720948357996235911e-01
-1.040110052988582501e+00,-5.879699128791537888e-01
7.150024204840885744e-01,-4.284789596688654556e-01
-7.389840053255556374e-01,-1.254742947221998972e-01
1.818750939038145664e-01,-6.463880400087438360e-01
-5.420463879391271833e-01,1.317914057260372918e+00
4.036947489876113737e-01,-6.960597401041048737e-01
-6.761634717353994795e-01,-3.686772137672590377e-01
3.025591891832969949e-01,-5.935733342496937182e-01
1.281260192710556023e+00,1.872532603067396384e-01
2.347491118118826686e-02,-7.934995524051681182e-01
-5.262064739111436129e-01,-5.867598904970283691e-01
4.069628770882867119e-01,-5.178544087331481416e-01
1.943076281296079733e-01,-1.109081003898838569e+00
-3.604338122278397671e-01,-7.168017710977994117e-01
-2.988041278774224430e-01,-7.429768040843190979e-01
4.909155180088906056e-01,-4.247255611267971576e-01
-1.201388614762831208e+00,-2.884793949085923126e-01
-6.838342464047086899e-01,-4.689390656740495267e-01
-2.322507785463588659e-02,-8.055070642183912444e-01
5.522433819039139768e-01,-3.201320996137409503e-01
-6.781552939259222201e-02,1.438336596768928111e+00
-8.680630028981299873e-01,-6.896513147648240805e-02
2.562742440342093420e-01,-7.602174538580668273e-01
5.905528025647061030e-01,-2.097616065158435794e-01
1.233079943636007370e+00,-1.980664667164055148e-01
-8.191102094761806285e-01,4.162148697063348668e-01
4.941068987908024956e-01,-6.173735546241823080e-01
6.068107089671410659e-01,-9.857964791154921746e-02
-1.219250462634881849e-01,-1.119874838654807636e+00
-4.758897922178079720e-01,8.314343719492541807e-01
6.579022357123284204e-01,-4.067150411722073589e-01
6.028771159794065193e-01,9.381740243116498679e-03
-1.282174720367427634e+00,1.029447308800112565e-01
7.938398828369253035e-02,9.672999315728992853e-01
7.348294328766018513e-01,-1.650617084478455676e-01
5.810917246095892441e-01,1.110442028984591628e-01
4.627091940953524940e-01,1.355758141719476617e+00
5.971899852226172367e-01,7.382483971326661010e-01
7.285777904695699414e-01,7.475460975495283600e-02
5.439604483591976569e-01,2.041812605683499815e-01
1.068513178872844360e+00,-5.564179614069727497e-01
8.609088996478847511e-01,2.830258744474800636e-01
6.522545903880865303e-01,2.888993835240349917e-01
4.939497465990925207e-01,2.872637935873713633e-01
-4.611185867698532337e-01,-1.041878816551549347e+00
8.373310091405735678e-01,-1.908080258242180471e-01
5.222110797900054724e-01,4.624783400565845581e-01
4.333698646864039272e-01,3.592965546480205163e-01
-1.216846373393279057e+00,5.709848692819916582e-01
6.056877330054220021e-01,-5.536391413284681429e-01
3.545194769600820694e-01,5.872526054215213565e-01
3.643236496452284534e-01,4.196698369660382677e-01
9.323259031040618261e-01,1.043810357790517340e+00
2.580252065158635810e-01,-7.556760333369455518e-01
1.637086554552259210e-01,6.591655601424754041e-01
2.886990170021540569e-01,4.680371959648188529e-01
7.979123043721687569e-01,-8.521316830966885192e-01
-1.317305115749083932e-01,-7.843256186325689994e-01
-3.716176096534489631e-02,6.765202209377777498e-01
2.081886156801930343e-01,5.042207973799287535e-01
-7.996304878566843355e-01,-8.506256558261964251e-01
-5.004903077461415606e-01,-6.385615049195927373e-01
-2.357788334161022847e-01,6.389709445963858148e-01
1.243254734561416996e-01,5.281413512136536870e-01
-9.285302240790436201e-01,1.048707772103417479e+00
-7.795029086595354206e-01,-3.255187820056278936e-01
-4.196627521694502594e-01,5.472956806504134519e-01
3.852656417767343078e-02,5.397707868261237829e-01
1.224719628984614506e+00,5.572343733978581959e-01
-8.819823377845020795e-01,1.215608544086576592e-01
-5.752745108598263934e-01,4.038973209750644222e-01
-4.786170185757872286e-02,5.391025581088741969e-01
4.394567073585077810e-01,-1.053942915000803948e+00
-7.167501182798440285e-01,6.035412138205407118e-01
-6.874739327599309613e-01,2.141123165472566814e-01
-1.335147080487573412e-01,5.261372792245476715e-01
-1.095546011675874176e+00,-5.207712926136162102e-01
-2.661578952694463318e-01,9.300895329870408901e-01
-7.398334750176317476e-01,-1.168552377915649081e-02
-2.170808777367332354e-01,5.008837139691660889e-01
-3.795265187680782470e-01,1.389284980673958891e+00
3.090939558588085556e-01,9.154138984107852428e-01
-7.166244961979424399e-01,-2.555237723419879758e-01
-2.971336261792981714e-01,4.633742304695099290e-01
1.281180772866544082e+00,4.855340910252904825e-03
7.409824980061301414e-01,5.686182813570268557e-01
-6.073401804737923459e-01,-4.900496600030288530e-01
-3.721249354556065980e-01,4.136961882787650868e-01
1.706808780381752211e-02,-1.132882139615999373e+00
8.830177670343681839e-01,8.297101572714218887e-02
-4.135931668908263137e-01,-6.799981322748804846e-01
-4.403429202732325187e-01,3.520419673334242439e-01
-1.275578051681497183e+00,-3.661198720660650135e-02
7.627342155991271300e-01,-3.565832313184441049e-01
-1.554684943277158393e-01,-7.895644410942123104e-01
-4.998779043493573049e-01,2.787809967839492975e-01
3.346600168319498469e-01,1.404312069873436819e+00
4.729808154954499022e-01,-6.572847782128026228e-01
1.284492147132922368e-01,-7.948669193096485897e-01
-5.486042831741041459e-01,1.945578205718895837e-01
1.109624719591710384e+00,-5.047087156857630319e-01
9.938705730096371316e-02,-7.890063685902819479e-01
3.910688190292761490e-01,-6.946553587808473873e-01
-5.841923412836884655e-01,1.004179883309031379e-01
-4.372521778121382097e-01,-1.058567847180429622e+00
-2.900272243545456430e-01,-7.456047095769674504e-01
5.923344389651070685e-01,-5.109303875939488204e-01
-6.041650835303968847e-01,-2.042937420447595021e-03
-1.222765627829445423e+00,5.746905317574245720e-01
-6.315606655397534297e-01,-5.286767333773058075e-01
7.101550903824533911e-01,-2.789382923313697971e-01
-6.060228032772578821e-01,-1.105146988612196735e-01
9.648044801640321966e-01,1.018423074581630061e+00
-8.494249364657918688e-01,-1.527135204868075025e-01
7.413119608984162223e-01,-3.446674754681833264e-02
-5.874600598553678665e-01,-2.218209772361798837e-01
7.558934015588895106e-01,-8.929791733455956226e-01
-8.501334901068723360e-01,3.271014792226517032e-01
6.954565812621217313e-01,1.941661596795457856e-01
-5.466895894176346804e-01,-3.318275015615565482e-01
-8.740072460110289709e-01,-7.967656448981798034e-01
-5.589598055315919689e-01,7.720559137503266722e-01
5.880807145056824448e-01,3.880787860177612458e-01
-4.828650468840566812e-01,-4.354767590922259402e-01
-8.031323102346912268e-01,1.171765727431244075e+00
-2.489484317682999145e-02,9.712280576709838575e-01
4.356994806246208829e-01,5.362519522553379492e-01
-3.965502424279324090e-01,-5.270250720507728692e-01
1.277407866054666385e+00,3.719718782755981334e-01
5.212933846217585598e-01,8.014633283157213128e-01
2.536461253870886945e-01,6.329536555528386677e-01
-2.901248049675965168e-01,-6.005344917029356022e-01
2.764427078196753929e-01,-1.108767186779710201e+00
8.378128118302378136e-01,3.684580370030894336e-01
5.563480350012948994e-02,6.755638858632281307e-01
-1.679721541437873833e-01,-6.506019664517398438e-01
-1.206035740713185200e+00,-3.160644386671761508e-01
8.595031669238384353e-01,-1.158180188635231089e-01
-1.457527930243532055e-01,6.631878958373940147e-01
-3.629693514143302047e-02,-6.732047325638723656e-01
-1.479341448898882465e-02,1.453122669196746708e+00
6.554754036529865102e-01,-5.039106481968546047e-01
-3.381985533038054381e-01,5.960704777265360965e-01
9.748390894894952419e-02,-6.664300587075950855e-01
1.214080782236637956e+00,-3.003096322268015705e-01
3.202580738401577531e-01,-7.349446651074419412e-01
-5.087089876862398441e-01,4.757590682061395571e-01
2.256726419008834306e-01,-6.308530739442892443e-01
-2.693866542057287150e-01,-1.112163015285645207e+00
-6.847008412252002241e-02,-7.923541781079177504e-01
-6.428597394319404135e-01,3.060510622178274076e-01
3.413032738924709486e-01,-5.694219304327062803e-01
-1.279045806158220833e+00,3.739255132334900478e-01
-4.462741734548509309e-01,-6.739694176787385249e-01
-7.246503870836169536e-01,9.473794164336983570e-02
4.389501810728403952e-01,-4.868930849203283451e-01
8.218888835409725591e-01,1.162146416388963654e+00
-7.457525801476780902e-01,-3.850828813140027562e-01
-7.376015510469210446e-01,-1.439439745139905746e-01
5.151446308423379694e-01,-3.890173535530094262e-01
8.515321453516124794e-01,-8.244051117711975740e-01
-8.823952919692501506e-01,4.701382810846732596e-02
-6.680600027428492682e-01,-3.869329648093501328e-01
5.683745435362946852e-01,-2.817249012881725689e-01
-8.069125920332965718e-01,-8.612848235844348110e-01
-7.618837703283076745e-01,5.355382386640934467e-01
-5.111969355226076983e-01,-6.019652090387017651e-01
5.987767745475407466e-01,-1.704945306710056729e-01
-8.830225887267240115e-01,1.109978052295417683e+00
-3.474100212886799821e-01,9.007139742205820809e-01
-2.782182558251320992e-01,-7.520694824265640177e-01
6.076853889393102337e-01,-5.998207410225936398e-02
1.270935786482182417e+00,4.333171545791312806e-01
2.280967573215082755e-01,9.420548905650428795e-01
-2.884732489107809443e-05,-8.062400136217600100e-01
5.971738083484838810e-01,4.611794784203664122e-02
2.996781975774431284e-01,-1.109289252245448498e+00
6.961405411807308763e-01,6.327653489096227712e-01
2.782077433636643837e-01,-7.521432764254274428e-01
5.696722852755212729e-01,1.450391275327833351e-01
-1.211755910269061376e+00,-3.164864723009534475e-01
8.814898076118762305e-01,1.521014502942350521e-01
5.113003165493058555e-01,-6.020355527834214682e-01
5.276938504127646201e-01,2.348166380630703765e-01
2.172618917978489522e-02,1.458089913786006608e+00
7.923976600170445916e-01,-3.030816676799383269e-01
6.682637866960950968e-01,-3.868972377076560498e-01
4.736618792559917912e-01,3.141256437484873376e-01
1.200083742346522042e+00,-3.501946591728110625e-01
5.194094142997334185e-01,-6.267095229343716545e-01
7.378254996647145569e-01,-1.437331853681283467e-01
4.098189420835087193e-01,3.821211864568624383e-01
-3.370753530561069189e-01,-1.101779378674107024e+00
1.514844375849283831e-01,-7.823470631256985719e-01
7.247879339607289362e-01,9.513291054182018702e-02
3.381933172023318113e-01,4.382983201497223091e-01
-1.257729127573556482e+00,4.960947253709136473e-01
-2.408626248630944822e-01,-7.619495414367040143e-01
6.428145699152004733e-01,3.065841729570956686e-01
2.606028744886343396e-01,4.823791994313599840e-01
9.506013496199763324e-01,1.049127669123258944e+00
-5.937036126799095648e-01,-5.662627524683403468e-01
5.084140020146339367e-01,4.763484157546020725e-01
1.786817255823664741e-01,5.142269139237609643e-01
7.424348617313741849e-01,-9.162576756286022750e-01
-8.328394200129278779e-01,-2.072410188253589192e-01
3.376247136319478481e-01,5.966097484860125588e-01
9.391918165617421654e-02,5.337846232702349036e-01
-9.372174617718491696e-01,-7.508940778616779443e-01
-8.655510089228830584e-01,2.668549996020805892e-01
1.449058365064843923e-01,6.635690836394275705e-01
7.703396591323708256e-03,5.410343104048181972e-01
-6.596977572092772579e-01,1.282293374994669888e+00
-6.097950472193687244e-01,7.281261254219432155e-01
-5.671545035533872431e-02,6.756769316052934071e-01
-7.863040427327036563e-02,5.359725029879899294e-01
1.306176037466544093e+00,1.662208469638993547e-01
-9.370258761732205843e-02,9.673112781533032001e-01
-2.548856679472564224e-01,6.326940570287628018e-01
-1.637511127062783733e-01,5.186018722482340637e-01
7.483020836415041344e-02,-1.147896263888897650e+00
4.674633304394817390e-01,8.387085057015428724e-01
-4.369842456829863830e-01,5.355268167706648264e-01
-2.462831780574659679e-01,4.889369505165518381e-01
-1.294063154737042032e+00,-2.219131477945275252e-02
8.181426453585020075e-01,4.235547152506859425e-01
-5.892514531119317223e-01,3.868180535119873920e-01
-3.247590657230423061e-01,4.470250655266798101e-01
4.551504037466999053e-01,1.381837071153594332e+00
8.706558789151637168e-01,-6.581110912971267768e-02
-6.963029668449516318e-01,1.923425478051938309e-01
-3.975738860156519117e-01,3.929843511983407423e-01
1.034497018953149272e+00,-6.445317300506747671e-01
6.857027770669599231e-01,-4.698899828097105047e-01
-7.415703059720701873e-01,-3.680187305097331468e-02
-4.629450707414474731e-01,3.270613540690630594e-01
-6.429657714448618888e-01,-9.830027322179383242e-01
3.591210722899581542e-01,-7.196263789327493887e-01
-7.095407945247912407e-01,-2.816078462167488361e-01
-5.188824739522875928e-01,2.497126198733753411e-01
-1.047403110214511601e+00,9.403038498116813582e-01
-2.862273954906820531e-02,-7.953530040004104240e-01
-5.906015489064784241e-01,-5.135899957547216399e-01
-5.631803924734952727e-01,1.617130027775396661e-01
1.233056969050689622e+00,5.977436719427027256e-01
-4.117731490158400565e-01,-6.940493505445057831e-01
-3.881284590477789842e-01,-6.967911063134242244e-01
-5.934427173105951692e-01,6.428968330968255762e-02
3.827860404473779066e-01,-1.096773962745559938e+00
-7.233279387035472796e-01,-4.200538754734687852e-01
-1.244923594778698378e-01,-7.958908276981486729e-01
-6.071613966105493532e-01,-4.071951543561649206e-02
-1.201852866701404343e+00,-3.650209374460824940e-01
-8.799497724049409886e-01,2.465520865383042694e-03
1.599325064117883832e-01,-7.890038989157981408e-01
-6.018728100761154831e-01,-1.507022407881442316e-01
1.385946420898700494e-02,1.466789249988540433e+00
-7.858653785566073191e-01,4.935392438237191648e-01
4.178505993114628447e-01,-6.776812830775292840e-01
-5.754130394925959235e-01,-2.621351298771409377e-01
1.193727745978173216e+00,-3.880550987003998920e-01
-3.939610327499136200e-01,8.799962960108298482e-01
6.106833843961115837e-01,-4.861594910309981477e-01
-5.262812328756022451e-01,-3.705290986903561068e-01
-4.112537189802873416e-01,-1.089743330585910996e+00
1.794594250363485965e-01,9.543169306668148888e-01
7.185278834412420768e-01,-2.505152673824580511e-01
-4.540891447102277101e-01,-4.705293965390487387e-01
-1.215809223789272808e+00,6.490580484966950170e-01
6.675729330424903241e-01,6.685596466598917598e-01
7.400161443681428919e-01,-6.124008832754944225e-03
-3.600237722739459412e-01,-5.562424980024736065e-01
1.095847184211249825e+00,8.797520107876766193e-01
8.784594281035542629e-01,1.919920256912930057e-01
6.858670912624644789e-01,2.196588308941013479e-01
-2.471948120138330596e-01,-6.218222415652780999e-01
5.774657912563042617e-01,-1.024176980295915085e+00
8.079052017447672096e-01,-2.719136471314846371e-01
5.719613461544308386e-01,4.089145565149853168e-01
-1.207006153825089800e-01,-6.622657941443713669e-01
-1.104198787813233995e+00,-5.558331612438760505e-01
5.446531556664694351e-01,-6.086924565475437809e-01
4.148276112409710059e-01,5.513327337238823622e-01
1.271160408638865279e-02,-6.742453873201688097e-01
-2.616736654900725934e-01,1.443925970421190863e+00
1.797842716472714542e-01,-7.777754949336160850e-01
2.296808122020485010e-01,6.416292673115729928e-01
1.453935254749057215e-01,-6.567370599302907452e-01
1.262219815624422425e+00,-2.150628522360717998e-01
-2.143776481703318915e-01,-7.698444564884442398e-01
3.012978171804692532e-02,6.774390029875747565e-01
2.697931192415268242e-01,-6.112259676503857264e-01
-2.757619102387283694e-01,-1.130615474534279796e+00
-5.733629196060793243e-01,-5.851908173932717228e-01
-1.712507381872242773e-01,6.580178767634814463e-01
3.794247448883246721e-01,-5.414111460019990218e-01
-1.273106785243576233e+00,4.877698352595921105e-01
-8.234259650457602664e-01,-2.346641921947688059e-01
-3.620365481785958739e-01,5.837585485559506626e-01
4.695490459450469278e-01,-4.525195240949623776e-01
1.001751906615904186e+00,1.010695133069793750e+00
-8.720138351505515306e-01,2.365780041245632570e-01
-5.290102739656080688e-01,4.564443428787582357e-01
5.374313523520456437e-01,-3.504624680244637913e-01
6.638793935689754067e-01,-9.824086942801486533e-01
-6.336471958107722235e-01,7.055671875290290274e-01
-6.574570770816329235e-01,2.803024425352740878e-01
5.822103244119870569e-01,-2.410713672648403805e-01
-1.059470345253008094e+00,-6.274203980159424043e-01
-1.266726119452525889e-01,9.639028014572084135e-01
-7.311264590716689549e-01,6.387901977081056337e-02
6.045188664872350737e-01,-1.295591890425630277e-01
-3.553692683386258655e-01,1.424925005511891163e+00
4.412919051329361464e-01,8.552402563129990476e-01
-7.335906232575505337e-01,-1.774416573069127478e-01
6.060155123917387865e-01,-2.023779977596598667e-02
1.280019827346934091e+00,-1.641393163374418041e-01
8.081978085055848693e-01,4.487272066023805239e-01
-6.519304241014770573e-01,-4.191731659309865243e-01
5.889460221877884649e-01,8.354615660861459958e-02
-2.499600457776126050e-01,-1.139955035148887630e+00
8.751337759803345939e-01,-4.321368377128196464e-02
-4.830963623611706503e-01,-6.278340623009179833e-01
5.558000097230652026e-01,1.793360478665944890e-01
-1.280063514968773353e+00,4.756717552260668058e-01
6.986176881451601206e-01,-4.549262769844585885e-01
-2.410388737226884237e-01,-7.663529063042534561e-01
5.090754216158001055e-01,2.654200991738783211e-01
1.009632905421252946e+00,1.007063491215566264e+00
3.753109129975359393e-01,-7.131208755896161211e-01
4.060952194887575140e-02,-8.054972021188008258e-01
4.511385989377180161e-01,3.406667770031081011e-01
6.460523429406072049e-01,-9.971947047260557584e-01
-1.268880378917622634e-02,-7.965338201168389309e-01
3.154914861654412594e-01,-7.362721215463110536e-01
3.841569240284587461e-01,4.043704947008424089e-01
-1.088591349066670544e+00,-5.933741103977259179e-01
-3.986359641144039401e-01,-7.017267285008997879e-01
5.395050799120212348e-01,-5.742821260793843363e-01
3.100811517942427264e-01,4.561210553267090462e-01
-2.690680109757376814e-01,1.449706925696738091e+00
-7.152338547181884554e-01,-4.327316390637272470e-01
6.842818674532282763e-01,-3.523470598321452596e-01
2.306596595329084287e-01,4.957004154602945856e-01
1.259993177065517056e+00,-2.486898521141917562e-01
-8.791085488681417148e-01,-1.281437159188637646e-02
7.412197059340701610e-01,-1.074942497523870416e-01
1.474704145273085520e-01,5.230071483644644914e-01
-3.393791586561201168e-01,-1.123640923403543379e+00
-7.935930044753651824e-01,4.798834056903020229e-01
7.169009780371301543e-01,1.290170270444199185e-01
6.196147041472886696e-02,5.380023236492148531e-01
