-272.36225822167484
-272.3621718593177
-272.36078880290285
-272.3593518748693
-272.35875116654023
-272.3593609517354
-272.3607429058259
-272.3620307658175
-272.36253569395325
-272.36211153906174
-272.36114703685394
-272.3602792733792
-272.3600105123969
-272.360369991952
-272.3609886906952
-272.36144798152833
-272.3614810090494
-272.36109236272137
-272.36054959908824
-272.36017422050986
-272.36010307574463
-272.3603086714793
-272.36060182890435
-272.36073986441534
-272.36062273500113
-272.3602946958475
-272.35993131055756
-272.35969827497564
-272.35968333001085
-272.3598333436738
-272.36000566224646
-272.3602017948564
-272.36038471598874
-272.36064257731283
-272.360984350569
-272.3614762284575
-272.36208506926
-272.3626727650267
-272.3630610192917
-272.3631589034094
-272.3632682696625
-272.3633868604022
-272.363428089471
-272.3633519592448
-272.363500272873
-272.36400328529777
-272.36454964872246
-272.36478459162095
-272.3645844096424
-272.3640805356041
-272.3635502539747
-272.3633991477725
-272.36364031078386
-272.36394675082175
-272.36412859370444
-272.3642464353362
-272.3647130336078
-272.3652107591643
-272.36478008443703
-272.3636948997261
-272.36328947369213
-272.3636906640442
-272.36440839162645
-272.3647551461576
-272.3644782664047
-272.36396259578464
-272.36363275914243
-272.3637704048472
-272.3642621231123
-272.3643185526651
-272.3636534290058
-272.36269566125935
-272.3618346617299
-272.3616292132815
-272.3623125779811
-272.3632614841367
-272.36395692807514
-272.3641895837892
-272.3640864376543
-272.3638343086246
-272.36322017674985
-272.36236299789783
-272.3616019340994
-272.3614690374347
-272.36202089726595
-272.36265169055
-272.36285715807827
-272.36253267923166
-272.3620372670178
-272.3618125677877
-272.3619596116749
-272.3621594995271
-272.3620674036593
-272.36179551216014
-272.36164949031496
-272.3618114425629
-272.36206034067703
-272.36225494366096
-272.3622656860779
-272.3621462879811
-272.3620063958934
-272.3616873732676
-272.36128690773603
-272.36107035742884
-272.3609552390466
-272.36099345898725
-272.36138606724813
-272.3622024729246
-272.36267851791416
-272.36263863400393
-272.3622639142516
-272.3611772253407
-272.3605686985456
-272.362280644385
-272.3645674014371
-272.3664415172498
-272.3674700453564
-272.3664213419861
-272.3631061073392
-272.3600735244299
-272.36056810585046
-272.3682248488782
-272.3710004444522
-272.3687137416283
-272.36646248237906
-272.36330446592956
-272.36063980175226
-272.36175536811743
-272.3649496160841
-272.3674727891361
-272.3666643924968
-272.3644933121713
-272.36549597164634
-272.3663631333246
-272.3632257781256
-272.3653722760809
-272.3696994775349
-272.3670561548754
-272.3637013296406
-272.36347931564524
-272.3665965415944
-272.36810203644905
-272.367194673775
-272.36733136258187
-272.36617492457924
-272.36187711235533
-272.36282067442204
-272.36768388638734
-272.36820001197253
-272.36887463950586
-272.369607244654
-272.36493469728566
-272.35843147137126
-272.3642779127395
-272.3717218469253
-272.3724049423655
-272.3700647683966
-272.3670221513618
-272.3671240887893
-272.3693172912271
-272.36658389510484
-272.3683444095468
-272.3693641916936
-272.36478585865956
-272.3670440078798
-272.37080019813203
-272.37020033618904
-272.36803971525416
-272.3691228204115
-272.37391287035143
-272.37413463196003
-272.36334472264684
-272.3644927853633
-272.36773832102745
-272.36966432193293
-272.3719416422397
-272.37070070641636
-272.36988262703863
-272.3697395298215
-272.370491267434
-272.373025532041
-272.3720481633528
-272.36855461240464
-272.36784630598527
-272.36814544403694
-272.3658401047312
-272.36977021385076
-272.3727573072607
-272.3721703327808
-272.37215760353985
-272.3701944186633
-272.3662253355509
-272.36473022208753
-272.3682184640118
-272.370440703073
-272.36982530792335
-272.36856862102485
-272.3682844758681
-272.368634386811
-272.36589507470853
-272.36638107990024
-272.3701725493798
-272.3711189965435
-272.3697954150369
-272.36804909890225
-272.3661519063287
-272.3662205806507
-272.36709489486714
-272.36719483371854
-272.3685068148405
-272.3692369297168
-272.3671913874535
-272.3650151514154
-272.36543187902873
-272.36744391732583
-272.3683785504178
-272.3673787780082
-272.36763153740156
-272.36896153483093
-272.36848085241894
-272.36642504911055
-272.3648142233786
-272.3656014483469
-272.36630598479974
-272.3663742517443
-272.36689051897713
-272.36776467941553
-272.36845012068636
-272.36742636929034
-272.3658824630903
-272.36554647306224
-272.36480787880686
-272.36480831988365
-272.36595032364704
-272.3655435258576
-272.36619876637536
-272.3681741040409
-272.3683675844137
-272.36766612936174
-272.3659039949481
-272.3632540281372
-272.3659870538552
-272.36788366909
-272.3668896199494
-272.36572011043535
-272.3642344567594
-272.3630055745348
-272.36327788408283
-272.3642474174633
-272.364835075765
-272.3651173815329
-272.36516808872864
-272.36491413389336
-272.3652808437118
-272.3661305058096
-272.36587372899044
-272.36469097603924
-272.3635157253037
-272.36332188580343
-272.3651864433434
-272.3672407485362
-272.36704521357575
-272.36602510141324
-272.3662741176929
-272.36693689692413
-272.36705883686085
-272.36662182512856
-272.3651353633846
-272.3641082476439
-272.3647368772475
-272.36494892721686
-272.36498929803207
-272.36534433569096
-272.3652772281903
-272.3645198897597
-272.3640381264809
-272.36496943146864
-272.366840574827
-272.36786337617036
-272.367661015942
-272.36680178993464
-272.3654463465829
-272.3635164093349
-272.3621536454639
-272.3633577347145
-272.3662249492843
-272.3674740559707
-272.3669176283462
-272.36555331582053
-272.36387355698673
-272.3645590853047
-272.36696129069674
-272.36764484138894
-272.36683509870034
-272.36571503845727
-272.3658831668162
-272.3664802724762
-272.3639009952534
-272.3638564139167
-272.36707408686533
-272.36819546836654
-272.36673560676553
-272.36370588880254
-272.3628646645617
-272.3654209159879
-272.3684295934792
-272.36872514270476
-272.36661700693514
-272.36550973951313
-272.3642573162
-272.3637610261227
-272.3653297183415
-272.36709479690614
-272.3679666267319
-272.36766949499327
-272.36682998613475
-272.36767976706335
-272.36888950738785
-272.3681585413992
-272.3663074427695
-272.36579748385293
-272.3662794654497
-272.3670061214619
-272.36675095226366
-272.36529505168266
-272.365231461721
-272.3684460490944
-272.37069442884786
-272.36907480841137
-272.36577667694144
-272.3649231505519
-272.36748555397327
-272.36932335319955
-272.36805852888097
-272.3660956601715
-272.3659980870059
-272.3662582816982
-272.36696610081003
-272.369378867324
-272.37041220338733
-272.36758721111215
-272.36493997349834
-272.36652437600554
-272.3670215896033
-272.36530082731394
-272.36520070578166
-272.3669739013887
-272.36868723542983
-272.36862609958666
-272.3668092532605
-272.36576250609346
-272.36624980931083
-272.3664687574194
-272.3665716197374
-272.3667767311903
-272.36797160980393
-272.36804167959224
-272.36621711935317
-272.3648166378286
-272.36435451107593
-272.36454439949756
-272.36609626621254
-272.3679198431428
-272.3682413155812
-272.3676773196732
-272.36836324411485
-272.36943092688324
-272.36676495582054
-272.3647773894252
-272.3655346072853
-272.36547527075413
-272.36807753211184
-272.36790363908176
-272.3671459739943
-272.368093257658
-272.3686358617208
-272.36763002981803
-272.3664554513993
-272.3654512888815
-272.36435277888
-272.36430992396714
-272.3653632797541
-272.36575684250147
-272.3657021705954
-272.3663733069626
-272.3675263860097
-272.36741119931537
-272.365340730911
-272.36619511941694
-272.36867186795837
-272.36734124422685
-272.36478431117547
-272.36530812487456
-272.36615047072576
-272.36632656838174
-272.3667590531471
-272.3667451932729
-272.3660048355457
-272.3654688935443
-272.3654786554395
-272.3663873799669
-272.3680603479898
-272.36836873974164
-272.36730617402264
-272.3666757057465
-272.3657857755583
-272.3659542203704
-272.3678028277903
-272.36801237765036
-272.3670958901493
-272.36581869239643
-272.3649582112626
-272.3658092598859
-272.36694114349234
-272.3679529998759
-272.3687856058132
-272.367705293044
-272.3658461669161
-272.3654601769403
-272.3665100992781
-272.3678452996525
-272.3691968566834
-272.3692224836673
-272.36929175226646
-272.3689674634515
-272.36765861292616
-272.36667634967995
-272.3656305571977
-272.3639914606993
-272.3645188721467
-272.3677782432424
-272.369590878349
-272.36837492141177
-272.3669727156788
-272.3664891591416
-272.36581238859515
-272.36653217997707
-272.36813414356214
-272.3702081933454
-272.37067191096594
-272.36927864024887
-272.3666445177912
-272.36442810798366
-272.3641916469544
-272.3650103442697
-272.3660930591559
-272.3670838636125
-272.3675983617371
-272.36730741121283
-272.3663693894887
-272.36605268880305
-272.3665456819796
-272.36696302730184
-272.3669620491573
-272.3660855980271
-272.36592803866677
-272.3666568653203
-272.3675192424822
-272.36840984985014
-272.36780616283306
-272.3664787126619
-272.3659118192025
-272.3666034840555
-272.36675653076384
-272.3654854631235
-272.3639358172885
-272.3639455927623
-272.36666103337393
-272.36902468801674
-272.36906317513706
-272.3680754236915
-272.36763523247663
-272.36683883794916
-272.3664935786931
-272.36724930542505
-272.36721783666343
-272.3659345682347
-272.3656123178062
-272.36774260737167
-272.3693996304635
-272.3686917217688
-272.36607841347194
-272.3642824374566
-272.3657520576151
-272.36842978956884
-272.36881246776557
-272.3658700120819
-272.3647339150727
-272.3682861410762
-272.36937584850216
-272.36773766592125
-272.3666889433846
-272.3662399199417
-272.36582561289555
-272.3665749207478
-272.36771099820504
-272.36775683299777
-272.36696062217146
-272.3655977165261
-272.3644196669314
-272.3653415896
-272.3679857590171
-272.37013327938865
-272.3700006486446
-272.36811830528933
-272.3656672190215
-272.36551405984227
-272.367189135062
-272.3671801207796
-272.36716932359
-272.36747111032827
-272.3672022805428
-272.3667047867771
-272.3669341376582
-272.3684048146565
-272.369653659945
-272.367936611392
-272.36431440559477
-272.3639563234189
-272.3672703803385
-272.3710653095901
-272.37202234962365
-272.368867934717
-272.36304887363417
-272.3616151904654
-272.3656956579546
-272.3681919177711
-272.36803530599275
-272.3670492717831
-272.3662802063524
-272.3665266253585
-272.3677919068166
-272.3683970778001
-272.3669967536035
-272.3647899843821
-272.36547524740627
-272.36761068356077
-272.36741657851786
-272.3677350623628
-272.3686142613676
-272.3673077688278
-272.3645495647268
-272.36421876298067
-272.3673293144709
-272.3695504958583
-272.369040969659
-272.36777852436444
-272.3666425704557
-272.3652663927521
-272.36456801530494
-272.36644909602256
-272.3689649560717
-272.36972084058044
-272.3696503097639
-272.3684776023386
-272.365940644561
-272.36377013671313
-272.36413677803995
-272.36598014522775
-272.36705349248115
-272.36710854691114
-272.3667365699517
-272.3664643032964
-272.3672077389565
-272.36836932837446
-272.3683257105279
-272.3668474429279
-272.36664811207856
-272.36646686223787
-272.36506109414347
-272.36452980242973
-272.3650335677954
-272.3657282128039
-272.366570806498
-272.36726531694404
-272.367202689434
-272.3665521047994
-272.3660023947193
-272.3658240914767
-272.36563702372047
-272.36656545965127
-272.367501673098
-272.3672331246397
-272.3667235589781
-272.3667995671053
-272.3663730515554
-272.36509773694354
-272.3644917663849
-272.3656889919942
-272.36742231673344
-272.3675010347931
-272.3657604120053
-272.3643254268196
-272.3649179017534
-272.3664288201971
-272.36712251886587
-272.3668132380171
-272.3666260609014
-272.3670056935849
-272.3672626999527
-272.3664243303082
-272.36491839405875
-272.3642207931956
-272.3647923804666
-272.3653978642909
-272.3658159573108
-272.3665921061367
-272.3675082604808
-272.3681292805724
-272.3682476363793
-272.3673939730054
-272.3655954027473
-272.3633384390706
-272.3630443094378
-272.3659353153728
-272.36869717825573
-272.3690084789372
-272.36772245910373
-272.366459965089
-272.366117465755
-272.3658062918042
-272.365304852661
-272.36579512186273
-272.36707907630233
-272.36679824730663
-272.3646582414922
-272.36414262092336
-272.3658204561436
-272.3677577356087
-272.36876108851345
-272.367728386063
-272.3652708388734
-272.3642033680104
-272.3644532838694
-272.36513372573836
-272.3658275674804
-272.3661909835245
-272.36662634836057
-272.3674147389898
-272.3679821965842
-272.3671159913411
-272.36505862738113
-272.36398342708577
-272.3651975606165
-272.3669738333412
-272.3675998129715
-272.3669503856352
-272.3655751667687
-272.36494083730594
-272.3653884216013
-272.3663392070492
-272.3671983188759
-272.3676523628187
-272.367529828044
-272.366304958445
-272.3640109372128
-272.3639312846864
-272.3665565849961
-272.36811116662074
-272.36802879089277
-272.3673264355753
-272.36638959632637
-272.36622040784584
-272.3669242046574
-272.3664831051705
-272.365050667609
-272.36419554034666
-272.3658297978972
-272.36859069556704
-272.3697927383054
-272.3682046177327
-272.36661177091815
-272.366070080169
-272.3657174697724
-272.3684789166853
-272.3687915696383
-272.36733183670134
-272.36689610573876
-272.3664365149461
-272.36571132325383
-272.3656034981692
-272.36601664919783
-272.36622256152026
-272.3668943654156
-272.3678369595168
-272.366899484361
-272.3661049816221
-272.36700069668973
-272.3664973556513
-272.3646388988289
-272.3652801204845
-272.3660926285005
-272.36643491572505
-272.3684285038035
-272.3675434667806
-272.3654856805961
-272.36474422064424
-272.3649618097949
-272.36499851576616
-272.36523116004633
-272.36625321419535
-272.3667893326524
-272.3658134573757
-272.36525250248206
-272.3660107983915
-272.3663196832332
-272.3658082889018
-272.36549542481663
-272.3652669810409
-272.36394065278205
-272.36342033145326
-272.36547735434345
-272.36725586895676
-272.36728825355465
-272.3661630225405
-272.3649793152096
-272.36487819946274
-272.3662232859603
-272.36743910089865
-272.3672134269608
-272.3660007096996
-272.36493131190946
-272.3644289908417
-272.36434673866444
-272.36389374928814
-272.36441559753746
-272.3662978028173
-272.3676586456666
-272.36816657771016
-272.3686412192078
-272.36851536819694
-272.36714161790627
-272.36507476253547
-272.3632117357755
-272.3627090643573
-272.36345700680715
-272.36432227636175
-272.36623850148
-272.3680715294906
-272.36852832672656
-272.3681321899122
-272.36748678384004
-272.366791161537
-272.36595348317803
-272.3646119096413
-272.36338994798484
-272.363650588775
-272.3652354015546
-272.3667116835438
-272.3673026168671
-272.36729359192196
-272.36715261004275
-272.3666969256993
-272.3659707160055
-272.3656322729762
-272.36574988755643
-272.36541668745565
-272.3649106347686
-272.36499303475966
-272.36546002046106
-272.3656682603714
-272.3654642181237
-272.3659492682004
-272.3672701618751
-272.36836488560334
-272.3684374104617
-272.36763990513475
-272.36686043354047
-272.36701108949694
-272.36778808371287
-272.3676469389316
-272.36550008878953
-272.36335804938733
-272.36510369515685
-272.36821239173787
-272.3688435246731
-272.36816131168337
-272.36682856916036
-272.3655792550429
-272.36636033568516
-272.3682804836858
-272.36853577153715
-272.36634001131085
-272.36364114171226
-272.36300905359957
-272.3644963600009
-272.3662275692504
-272.3671145755097
-272.36796039729444
-272.3686970416836
-272.3673184573724
-272.3650306158511
-272.3648928086627
-272.3654969635352
-272.3651065661806
-272.3642392480183
-272.3633554053658
-272.36359266525045
-272.3672861229591
-272.36997116586355
-272.3698671265555
-272.36829863389744
-272.3666154392991
-272.36562456359326
-272.3637310395101
-272.36235590881006
-272.3638602985567
-272.3662442914089
-272.3675205163973
-272.3675097277073
-272.3667502246732
-272.3651174417381
-272.36505470768543
-272.36764001971505
-272.36879972074377
-272.3674074663337
-272.3650638817281
-272.3637315145631
-272.364904074853
-272.3678723184941
-272.36903912341705
-272.36773926756223
-272.3654660642802
-272.3638973989162
-272.3644802345549
-272.36610079905216
-272.3668716988476
-272.3663795610618
-272.3655501234126
-272.36508923631635
-272.3653137312718
-272.3653434757957
-272.36489698219054
-272.3655806717368
-272.3675353574553
-272.3684005911784
-272.3677820703739
-272.3674720655053
-272.3662143532408
-272.36508453921226
-272.365064243034
-272.36578798690385
-272.36684364390834
-272.3673220611692
-272.3665474114648
-272.36524541708604
-272.3648315815807
-272.36524722195514
-272.3658926069065
-272.36787368886405
-272.36998692010314
-272.36883078833966
-272.36470631683744
-272.3625514024898
-272.36377456435434
-272.36610029922485
-272.3678465328469
-272.3674337592005
-272.3655044657864
-272.3656324861607
-272.36693280280434
-272.3674743554172
-272.36711635143524
-272.36625137373574
-272.36562659937545
-272.3661291962578
-272.36695629768656
-272.36675441498176
-272.3658330127471
-272.36524649951156
-272.3651011598383
-272.36558148430635
-272.36631847970915
-272.3672199558251
-272.3681571998621
-272.3679899716123
-272.3656468914499
-272.36341463153576
-272.3647917556865
-272.3675342517429
-272.368380047567
-272.3685897781355
-272.3685863946509
-272.36745115062956
-272.3659022601508
-272.36527829394146
-272.3660657039366
-272.3677364423528
-272.3675505045934
-272.36556980223577
-272.3645952924798
-272.36633687507504
-272.3678814125371
-272.36769164266923
-272.3678541153609
-272.36822895982186
-272.3671221464853
-272.365818109596
-272.3659721820958
-272.3671843655966
-272.3674754786443
-272.36609874544877
-272.3650358380031
-272.3657464134067
-272.36641722717843
-272.36611885842603
-272.3662024887037
-272.36676515027466
-272.36644815130586
-272.3655999874144
-272.3660748886175
-272.3675672059212
-272.3684638449338
-272.36786413465813
-272.3655123968851
-272.3634431118043
-272.3634704993
-272.3647874050357
-272.3666628667333
-272.36753154287794
-272.3668318686532
-272.36591717806897
-272.36558729265056
-272.3657378819381
-272.3661202585161
-272.36703908081523
-272.3682356318085
-272.36836620568454
-272.36644187495665
-272.36395755905716
-272.3633985490193
-272.3646482629114
-272.3663566196324
-272.3676320153098
-272.36767070801415
-272.367178975271
-272.3675702926696
-272.36806804218895
-272.3672437044189
-272.36562863248037
-272.36503637688827
-272.3655563446012
-272.3660745663051
-272.36540705177293
-272.36436762842675
-272.3662406383361
-272.36963898649526
-272.3709137649538
-272.369449886348
-272.367612687792
-272.3657305019162
-272.3639295707185
-272.3641420306265
-272.36534427596445
-272.3653915466473
-272.36526230306987
-272.36569360399795
-272.3660254577854
-272.36695105362094
-272.36829777037565
-272.3690685914675
-272.3689953334758
-272.3673944212504
-272.3640733311853
-272.3629855490434
-272.3658974982704
-272.3678934035481
-272.36570165237595
-272.3640187935195
-272.3664562976966
-272.3682181426769
-272.368441741088
-272.368913802442
-272.36942947872564
-272.3696013216079
-272.3685721521174
-272.36536017359333
-272.3619229623981
-272.36269395200725
-272.3668123950247
-272.36942720103286
-272.3699847513087
-272.36985866166816
-272.36855978947614
-272.36699467822893
-272.3671996987312
-272.3677775210981
-272.366838400244
-272.364669971053
-272.36388819169275
-272.3659753739002
-272.36858459355994
-272.36965707752034
-272.36981731400255
-272.3689246556281
-272.36648987799583
-272.36418665590014
-272.36371872796667
-272.36477042341676
-272.36634537794276
-272.3675268361279
-272.3679961916355
-272.3685623856718
-272.3690952415487
-272.3687988391573
-272.3675878232255
-272.3657910209917
-272.36396392840635
-272.36279001265757
-272.36401934285107
-272.367843732249
-272.3709678681901
-272.37080572022785
-272.3685826779053
-272.3677416454841
-272.3673065080325
-272.36415346655787
-272.3629694369189
-272.36739732622584
-272.3688630742767
-272.3673136533813
-272.36710229020275
-272.3674551585583
-272.3667891003169
-272.3661027746199
-272.3661377044509
-272.366250263867
-272.36619271711106
-272.36579143399655
-272.3653711789046
-272.3666474118933
-272.36801763678017
-272.3676663946954
-272.3653867415678
-272.3641219519731
-272.3662854173962
-272.36873577488166
-272.36871678312224
-272.36666241827623
-272.364599926809
-272.3642218525222
-272.3649649567276
-272.36610889971735
-272.36751722607664
-272.36791112289245
-272.36750154184824
-272.36737446553417
-272.36707095775967
-272.3661004599334
-272.3653770320286
-272.36545969476884
-272.365935770331
-272.36713216773984
-272.3683651753055
-272.3670593464529
-272.36466737394477
-272.36575610065415
-272.36800364418974
-272.3685947037126
-272.36888714246237
-272.3687510738736
-272.36860178908455
-272.36888708275836
-272.3678832872633
-272.3642481376135
-272.36203558652915
-272.36442199063924
-272.3670898343253
-272.36764586681284
-272.3676084929566
-272.3683713370314
-272.3681245935782
-272.36601675083136
-272.3640374789762
-272.3640653230056
-272.36551355076455
-272.3668053479036
-272.3669807904998
-272.3665431183941
-272.3658941404843
-272.36461219527075
-272.364653204351
-272.3654867715035
-272.3653593016017
-272.3653097428857
-272.3661871564146
-272.3667785615059
-272.36659135433587
-272.3663187555715
-272.3659356464214
-272.36542234613285
-272.3656389446841
-272.3661577471658
-272.36615825915123
-272.3660551484273
-272.3666735856415
-272.3677339229319
-272.36862987982835
-272.36849970528976
-272.3667453391585
-272.3647422143837
-272.3647137691304
-272.3656079263002
-272.36581802824173
-272.3673996103078
-272.36948194575723
-272.3693404198239
-272.368112937775
-272.36808062874195
-272.36796742023046
-272.3662571488765
-272.36500625082226
-272.36643905817294
-272.3683350445023
-272.36834141124604
-272.36796490666507
-272.3669778897903
-272.3657325502949
-272.36622995727225
-272.36739321129977
-272.36911766439636
-272.3707484422924
-272.36882129930365
-272.36522197207995
-272.36579734142566
-272.3677603616278
-272.3687830369634
-272.36882010570065
-272.368970840804
-272.3690401712404
-272.36750124267945
-272.3661119119826
-272.36611124961956
-272.36806977105465
-272.3692280988847
-272.36858098681984
-272.3674044618633
-272.3668405194934
-272.36672762527843
-272.3658705012644
-272.3650014724891
-272.36542924057835
-272.3667236985201
-272.36787990712077
-272.3680911830971
-272.36730548837124
-272.36645611007424
-272.366612177812
-272.3675369793869
-272.367907183993
-272.3675448831869
-272.3672382236959
-272.3663308376568
-272.3648491432596
-272.3641495788021
-272.36482547640935
-272.3656183647594
-272.3666761308888
-272.36849332765115
-272.36930677948317
-272.36846846659563
-272.3667158762013
-272.3649249203054
-272.36434214374844
-272.36548565932543
-272.36688451725274
-272.36731312286514
-272.36689664947795
-272.36643348197276
-272.3665497977805
-272.36706721525496
-272.36726772394974
-272.36686914139284
-272.36656497935513
-272.3660293572062
-272.3649477999454
-272.36481646327053
-272.36637284974364
-272.3680431624492
-272.368024193861
-272.3668250651533
-272.3655954946043
-272.36407991769755
-272.3647899119205
-272.36679202712526
-272.36709922262725
-272.3664501426613
-272.36625464203775
-272.36695017590347
-272.3679486764143
-272.3680542550893
-272.3668940768718
-272.3652743232224
-272.3647301023375
-272.3653568758351
-272.36631182571483
-272.3672199609465
-272.36833939870303
-272.36913503986256
-272.368459511219
-272.3671167850139
-272.36657506409
-272.3665961930357
-272.36571245076385
-272.366050998117
-272.36775154986043
-272.3675443709865
-272.3664667250067
-272.36547891778014
-272.3653879063258
-272.36624340498287
-272.3670656985024
-272.3673812011143
-272.3672549530795
-272.3666022110353
-272.36577301801185
-272.36552424848134
-272.36669122447074
-272.36706505349815
-272.3665269927509
-272.3674294788901
-272.3687484109386
-272.36861875319545
-272.3675427880435
-272.3659798611735
-272.36529395723056
-272.36621224041363
-272.36701605446603
-272.36765038796244
-272.36780689610777
-272.36741493544304
-272.36692998252136
-272.3665028370149
-272.3655785003672
-272.3654445651259
-272.3666087819527
-272.36703308446766
-272.36722210526426
-272.36890163485447
-272.37022610606357
-272.3694817480464
-272.36567020075864
-272.36342845411224
-272.3669960975495
-272.3686783438555
-272.3693448320204
-272.36803146483555
-272.3652881360086
-272.36736325685564
-272.37015117449386
-272.3685461262783
-272.36666014945604
-272.36588866728505
-272.3656166788799
-272.36546531525516
-272.365508761464
-272.3660350441731
-272.3676859328597
-272.3670302464744
-272.36565537100796
-272.36681960530126
-272.36734237348537
-272.3675454866518
-272.3674061171499
-272.36643037862467
-272.3651687330115
-272.3651573195437
-272.3665630512732
-272.367516054116
-272.3676200593142
-272.3666556242076
-272.36587455868795
-272.36574808738106
-272.36602592207737
-272.36659435199607
-272.36719483825794
-272.36700431402886
-272.36664267774813
-272.3671215501597
-272.36786381256064
-272.36799778537625
-272.3668371476159
-272.365164603872
-272.36624277534344
-272.3692241036135
-272.3703434987455
-272.36941948571865
-272.3678252122907
-272.3665357849539
-272.36597672682547
-272.3662078756628
-272.36683392931707
-272.3672594432089
-272.3678054366933
-272.3688867063591
-272.3695101552705
-272.36829380648527
-272.3650264738619
-272.36352231567156
-272.36530761252806
-272.366812999132
-272.3674353175434
-272.36784052013024
-272.3677793912301
-272.3672097941141
-272.3671727556954
-272.3680376845386
-272.368068976328
-272.36601824362396
-272.36519961158604
-272.366953271602
-272.36773398775074
-272.3671608280108
-272.3664920035519
-272.3673947354484
-272.3685397777607
-272.36853762351785
-272.3674873677991
-272.36629618660834
-272.365971547664
-272.3671741549526
-272.3685390526698
-272.3678151442516
-272.36657929364253
-272.36746215833705
-272.3679290058498
-272.36685940891215
-272.3656912085727
-272.3671943773441
-272.36909517996304
-272.3695395264813
-272.36892553142593
-272.3667921250261
-272.3654504743108
-272.3660909378343
-272.36625107306367
-272.36638594222023
-272.3669552711034
-272.36666528515826
-272.36663181881534
-272.36744605294456
-272.3675182635044
-272.36751187331674
-272.3679464125756
-272.3677893820565
-272.36648402132573
-272.36797612846885
-272.3698921713689
-272.3678947463305
-272.3659618162096
-272.36583448641744
-272.3655802718156
-272.36649426646943
-272.36876421397926
-272.37022314936144
-272.3694654909097
-272.3681076840694
-272.3671001869335
-272.36567355732177
-272.36492641000456
-272.3652753480854
-272.36592487948053
-272.36582754184656
-272.36628680308456
-272.3678442342796
-272.3689803748067
-272.3690892266536
-272.3686821149249
-272.3674847671754
-272.36492129804293
-272.3650960223178
-272.3671145306385
-272.36656451411216
-272.36609446360546
-272.36662472842465
-272.36746464808965
-272.3676165454728
-272.367094523683
-272.36642962481557
-272.36599038830934
-272.3658829907789
-272.3659232568291
-272.36658676055845
-272.3679707239592
-272.36832274479616
-272.36657747577334
-272.36418076524006
-272.36349989192837
-272.3649781541848
-272.36652926858756
-272.36717089152995
-272.367756528766
-272.3682070700829
-272.36797517270435
-272.36742631465273
-272.3667594321279
-272.3657285789679
-272.3642053067842
-272.3639306293918
-272.3657339549091
-272.36786061338086
-272.3684514024558
-272.3677805080709
-272.36781907758353
-272.36883465458254
-272.37004271540565
-272.36998396830353
-272.3664022121744
-272.36456577157475
-272.36689803758526
-272.36795076514267
-272.3669282256266
-272.3662093098281
-272.36700707862997
-272.3685884169573
-272.36960025052855
-272.3695395036182
-272.3687643217181
-272.36722516440864
-272.3650822919862
-272.3654384332076
-272.36696869156924
-272.36738053488574
-272.36727954183897
-272.36666158406666
-272.36632395991757
-272.3668052187074
-272.3676777871918
-272.3684554575253
-272.3680608768388
-272.36647212981427
-272.3656790469081
-272.36653934608904
-272.3673714955598
-272.36742413019283
-272.36687769846003
-272.366440646426
-272.3661070111424
-272.3659611434703
-272.36627142695664
-272.3674357189113
-272.36959316143225
-272.3709020649964
-272.3689353337201
-272.3658048733612
-272.36630571590166
-272.3678182670252
-272.3668568612422
-272.364972386398
-272.36511487709305
-272.36653719740434
-272.3675645681045
-272.36744869994715
-272.36787448573136
-272.36854439647936
-272.3677591152507
-272.3662097600322
-272.36616002324297
-272.3670104481596
-272.36673787538797
-272.3657980282127
-272.36580055717076
-272.3667903809835
-272.3669028169965
-272.3661144431017
-272.3665745309797
-272.3684923635063
-272.3690741326914
-272.36710799022546
-272.3655497188601
-272.36574221535244
-272.36629999132504
-272.36784532415027
-272.36875443354677
-272.3671643910182
-272.3652194990747
-272.3654264379307
-272.367363696777
-272.36872194424467
-272.3685605852565
-272.3677679534754
-272.36745953213756
-272.3673882523448
-272.36735591382006
-272.3668119286311
-272.3667146596397
-272.36738640617557
-272.36749628039587
-272.36728043617575
-272.36573235159153
-272.3650935276386
-272.36690998078655
-272.3683871340361
-272.368079764951
-272.3671505468404
-272.36679633849195
-272.3661729716263
-272.3656418126126
-272.36571347372507
-272.36547255802196
-272.36608734718385
-272.3684665087925
-272.36958324669115
-272.3677339947292
-272.3653704145537
-272.36476522312864
-272.36569737004106
-272.3668813707441
-272.3675683124478
-272.3675865280371
-272.36752681639416
-272.36771527955796
-272.3672004748481
-272.36600742075285
-272.36585378452156
-272.36636277453755
-272.36537043313604
-272.3642465373959
-272.36627005250267
-272.3685801245647
-272.3692089500908
-272.36830717116
-272.36534380434506
-272.3644038669619
-272.3676162943176
-272.36930510192894
-272.36778450860726
-272.3647077356444
-272.3643321601836
-272.36683212397435
-272.36904932919754
-272.3692123422084
-272.3669895989664
-272.36479279337647
-272.36491763961436
-272.3668504291089
-272.36869605764207
-272.36860307558766
-272.3666204946498
-272.36589753528597
-272.3673758310795
-272.3671066560311
-272.36512904683275
-272.3653096083179
-272.36703028714714
-272.36856101960547
-272.3691251488338
-272.36801422341074
-272.3661975570795
-272.3652169914695
-272.36571893591264
-272.3674239645682
-272.3691661584822
-272.36846961262137
-272.3659508690363
-272.36503625358847
-272.36581287356086
-272.36658963989447
-272.3673968166194
-272.3686433524199
-272.3695327978874
-272.36785427409404
-272.3653767626619
-272.36554353725376
-272.36785293874476
-272.3690142152734
-272.36791967843664
-272.36694189723767
-272.3670120401543
-272.3645518579466
-272.3624002639466
-272.3675078105846
-272.3714816665638
-272.37136302143887
-272.3697543148794
-272.3680374839725
-272.36702437898487
-272.3665027882333
-272.36604743083694
-272.3665523190355
-272.3662147701719
-272.3656316207044
-272.3655785738312
-272.3653855564254
-272.36596946750865
-272.36685399255447
-272.3676813178822
-272.3682216252176
-272.3675365946717
-272.3661194040778
-272.3658419928982
-272.3670403719891
-272.36730263466245
-272.3667303994703
-272.3689540186431
-272.3682792406523
-272.36614217442866
-272.3657118833943
-272.3666020309237
-272.3661398363003
-272.3647970822797
-272.36571045740556
-272.36828743481243
-272.3692704897037
-272.36744460251816
-272.36561403848486
-272.36570680878873
-272.36683521788444
-272.36821447566285
-272.3682239227853
-272.3654053436978
-272.3651590782429
-272.3689456252798
-272.36904324645235
-272.3660753083695
-272.3631770263873
-272.36402375710037
-272.3666131884868
-272.3679127745787
-272.36894870168624
-272.3688945390062
-272.3675809253271
-272.3661132333142
-272.36532644318726
-272.36562638661144
-272.36651819804285
-272.36684728856477
-272.3664412103766
-272.3665162809898
-272.3678873001995
-272.3689781252845
-272.36831586983874
-272.3663241166449
-272.3646716961225
-272.36525574349383
-272.3672481108547
-272.36905617270065
-272.3700928137954
-272.3694476637985
-272.3664759948972
-272.36392135503706
-272.36505995199656
-272.36747766293814
-272.3675791646552
-272.36888017420716
-272.36872310185197
-272.3672237924984
-272.3672986492689
-272.3673352803118
-272.36702300363925
-272.36685199161155
-272.3666631880625
-272.36613372395766
-272.3657835098268
-272.3660883480963
-272.36647296670725
-272.3671485949481
-272.367481191133
-272.366389314235
-272.3658854487273
-272.36718473477237
-272.3682245703422
-272.3680808268065
-272.36721524322894
-272.3659587357811
-272.364918214698
-272.366176025535
-272.36794733660975
-272.36855809855115
-272.36859315913216
-272.3684492836736
-272.3682663635095
-272.36932273548075
-272.36889652234026
-272.3654194785963
-272.3652180586121
-272.3669299187163
-272.3669735573961
-272.366927398383
-272.36767395311847
-272.36813741589526
-272.36713501154384
-272.36410985747443
-272.3634120225042
-272.3670673809287
-272.3697158834173
-272.3705592498466
-272.370426006304
-272.36916888794394
-272.3663989196799
-272.3637227662733
-272.3638782295559
-272.36722782768965
-272.36863739136936
-272.36762125599193
-272.36757561600075
-272.3681968314364
-272.3682531911586
-272.3676898318936
-272.3667228116306
-272.36657385639353
-272.36694309797605
-272.36737633358814
-272.3677332555094
-272.3675867340974
-272.366607329878
-272.3668344442444
-272.36775197849823
-272.36799291339554
-272.3686270572587
-272.36976837334873
-272.3698075555192
-272.3676916625076
-272.36468030112167
-272.36278973214047
-272.36507333748153
-272.36886542139655
-272.36969938851917
-272.3688090915613
-272.36822254938556
-272.368403649754
-272.3684098001054
-272.36787325979793
-272.36634062861515
-272.36580238613067
-272.3688099543333
-272.369356924886
-272.36733141733527
-272.3665000460865
-272.36725033098867
-272.3682934692423
-272.36962212374135
-272.3700669737423
-272.3692851487965
-272.3669785511412
-272.36390061700536
-272.36488106270343
-272.3693426938182
-272.3713571709498
-272.37077249238536
-272.368703948602
-272.3664819978054
-272.3650617036602
-272.36487068656425
-272.366629127751
-272.3688603848572
-272.3691246965818
-272.3681416227399
-272.36832276949315
-272.3690962721743
-272.368642812926
-272.3669153471016
-272.36632588866
-272.36739122554525
-272.36752761921053
-272.36656347669776
-272.3659861152216
-272.3667037410126
-272.3680193201807
-272.3685752203879
-272.3680469824233
-272.367386343432
-272.3672703427456
-272.3665342840894
-272.36496711611767
-272.3653901733332
-272.36750203987765
-272.3696358924848
-272.370657688312
-272.36916917515373
-272.363912300107
-272.3651618225904
-272.3716264214855
-272.37188087614896
-272.3664871031223
-272.3659337837034
-272.3692520321867
-272.368583704276
-272.3671123811021
-272.36684706793113
-272.3669341667927
-272.36667545366157
-272.3662112357599
-272.3661427197445
-272.3672164052825
-272.3688104007532
-272.3702986349246
-272.37009755698267
-272.36752473840323
-272.36718212366253
-272.3677963443382
-272.3677053570595
-272.3665769936967
-272.3654360519632
-272.36580807481556
-272.36777297466244
-272.3695053355836
-272.3699555305424
-272.3699039184317
-272.36860657433033
-272.36574438071824
-272.3637493814798
-272.365095469792
-272.3692079381877
-272.3721392487684
-272.3717187603623
-272.36753805655167
-272.3640724079971
-272.36649197687615
-272.36884793057334
-272.3681183606282
-272.3671726373295
-272.3671493015981
-272.36754423364766
-272.3674747001047
-272.36596027070595
-272.36581883832486
-272.3682331328549
-272.3693890787017
-272.36872485748285
-272.3674243109659
-272.36669695070464
-272.3661592947659
-272.36553111683776
-272.3658260616708
-272.36801870500267
-272.37025304701854
-272.3692057838396
-272.36677874245856
-272.36650266859925
-272.3664139757078
-272.36628756495816
-272.36704225648083
-272.3682706523322
-272.36835231261387
-272.36682412543564
-272.36602780274154
-272.3666554260651
-272.3674613071285
-272.36727055073766
-272.36608029835344
-272.36521306900926
-272.36556289076015
-272.36627237706415
-272.3661065868073
-272.3655630931482
-272.36607823511974
-272.3677972562275
-272.3691448361652
-272.3692279916239
-272.3679451107493
-272.3645721910353
-272.3624500434181
-272.36452934558673
-272.3679995154997
-272.3698637061273
-272.36929305050614
-272.36776866401163
-272.36660927757544
-272.36595351917987
-272.3663067954644
-272.3669841647165
-272.36682872736907
-272.3662023757008
-272.3664229830653
-272.36736543728966
-272.3677377977317
-272.36763933584444
-272.3686974374537
-272.36963325919515
-272.3679743166657
-272.3644799232235
-272.3622145962101
-272.3641605608366
-272.36774216151036
-272.3687719454138
-272.3680597313764
-272.3677933701153
-272.36850314274443
-272.3681192409228
-272.3657302748496
-272.3638279255518
-272.3647258789789
-272.36652424826144
-272.36678183867843
-272.36623399426617
-272.36631086462853
-272.36653419047656
-272.36659442351305
-272.3668507665569
-272.3674616620917
-272.3671185231418
-272.36566138096237
-272.365510205137
-272.3664061232981
-272.3661422967293
-272.36525093858035
-272.3668127518747
-272.3693357417389
-272.3693895266043
-272.3683516645382
-272.3676336385677
-272.36663057179317
-272.3651877180658
-272.3646881859885
-272.3653135032447
-272.3662285317738
-272.36727125308033
-272.3688714626368
-272.36978856436735
-272.36886482519475
-272.36623207964607
-272.3646979372183
-272.366337425288
-272.36878765729574
-272.36845980016454
-272.36687521934215
-272.36870363966193
-272.3687471778907
-272.3657709490621
-272.3637906259032
-272.3650157733053
-272.3675863559735
-272.3692146898575
-272.36901641506654
-272.3681267128148
-272.3674045185745
-272.36656059781956
-272.3651334550724
-272.364080276779
-272.36527239156413
-272.3676871338129
-272.36880982209567
-272.36837472490447
-272.3674228459782
-272.3669858714546
-272.36737515095444
-272.3677739919837
-272.36686367154675
-272.3652095984205
-272.36479513279494
-272.3665122550661
-272.3687692144919
-272.3690367074899
-272.3669727849209
-272.36564408983645
-272.366849356112
-272.36861362260805
-272.3687237730517
-272.36725082396475
-272.3671109413079
-272.3686322559355
-272.3685142578274
-272.3661388095103
-272.3655030438301
-272.36723677619153
-272.368423095286
-272.36807074400156
-272.3667719310219
-272.36629858091754
-272.3665069933481
-272.36789478675524
-272.36928014095895
-272.3687269765561
-272.36677454047253
-272.36655878160286
-272.3675990724272
-272.3677560315461
-272.3676095599533
-272.3675424445645
-272.36709187211113
-272.36646851433704
-272.3671106104145
-272.36869571683303
-272.3689152501043
-272.36751112082715
-272.3662431653771
-272.36609575017417
-272.3663737945038
-272.3670248141511
-272.36699669738624
-272.3672329804999
-272.36859904107087
-272.36859388585185
-272.3674296994197
-272.3676794403991
-272.3679695339822
-272.3673465521162
-272.36651378471515
-272.3669435969308
-272.3678781565707
-272.3678957946256
-272.36759546154786
-272.367439413255
-272.36665928632544
-272.3652458970967
-272.3646550050797
-272.36605723323294
-272.3676776550104
-272.36804782147556
-272.3679752895003
-272.36841340356926
-272.3682113833359
-272.36743419712263
-272.3671983342583
-272.36425598475387
-272.3649325267999
-272.36967827780853
-272.37043527019415
-272.3693664758529
-272.3674991406491
-272.36626812954165
-272.3656173139719
-272.3658307892008
-272.36694234983247
-272.36770463253805
-272.3675807758336
-272.36699762947455
-272.36611471149064
-272.36557961312724
-272.3669530184681
-272.36897466877724
-272.3689673488061
-272.3681530847126
-272.36801615056214
-272.36819671255836
-272.3684867772215
-272.36749600007784
-272.36629731544537
-272.3672105793067
-272.3686586717824
-272.36959410083693
-272.3681248811297
-272.3661044839824
-272.366067089187
-272.3669887854006
-272.36743593157956
-272.3678327045902
-272.36854096884207
-272.36816129030996
-272.3658715573318
-272.36494379597036
-272.3667954029923
-272.36936226404356
-272.37108129906386
-272.36956298290585
-272.3663280466222
-272.36627707825926
-272.3685403381819
-272.3680239718372
-272.3658199159592
-272.3669061482051
-272.37004976525276
-272.37094467555244
-272.36917135204504
-272.3671880902517
-272.3656700215096
-272.36552492599867
-272.36696608196206
-272.3675671214095
-272.36698077620025
-272.3672880316938
-272.368589082273
-272.3685134777155
-272.3668468780326
-272.36533139260996
-272.36527799515426
-272.3666951725602
-272.36809317209094
-272.367489237949
-272.3654108415915
-272.3651615770092
-272.36654458255936
-272.3674451352055
-272.367668458428
-272.3679965282746
-272.3684920212123
-272.3683967022857
-272.36705779227844
-272.3652045717604
-272.363727304981
-272.36441310008786
-272.36806817575064
-272.36912750811615
-272.3669847847154
-272.3656823725542
-272.3663016145586
-272.36729267141516
-272.36770572207587
-272.36766399464517
-272.367690899091
-272.36705456266765
-272.3654376832012
-272.36541131864317
-272.3671408980102
-272.36789940739186
-272.36779362203384
-272.3670379030012
-272.3661524923621
-272.3662134936117
-272.36707490167487
-272.3679462794422
-272.36794681842304
-272.36664371969385
-272.36485254256627
-272.3644424110612
-272.3660224736025
-272.3675933366261
-272.3678779132256
-272.3675949204634
-272.367142381436
-272.3670104785305
-272.3663878426334
-272.3649112066015
-272.36493088226194
-272.3671780317412
-272.3690980170627
-272.36948681121316
-272.37009498475555
-272.3702658428613
-272.3679152235855
-272.3636583742553
-272.36230741043835
-272.3655218739652
-272.3677153475249
-272.36858090526147
-272.36895880822465
-272.36817064979004
-272.36639975232174
-272.365566281139
-272.3673317565447
-272.3695120365447
-272.36876539037644
-272.3652088078293
-272.36318516242613
-272.36470306732036
-272.36692211736204
-272.367157195118
-272.36603879049534
-272.3665124762644
-272.36895160012
-272.37000027282716
-272.36819531886175
-272.3659326728349
-272.3646890293764
-272.3641637278805
-272.3656918849143
-272.3676049912482
-272.3674234003781
-272.3675944263739
-272.3683790924083
-272.3680411387406
-272.3668535578829
-272.36650996993734
-272.36703936602794
-272.36724767210364
-272.36726862023426
-272.3658002999766
-272.364013662389
-272.36567156639904
-272.36785150488214
-272.36889521623465
-272.36881020164685
-272.36719030954913
-272.3652782630356
-272.36580186132375
-272.36701181250635
-272.3667494922426
-272.36581392265947
-272.36568501234063
-272.36636591714984
-272.3674837750394
-272.3682805338183
-272.3675977363135
-272.3667162518923
-272.3670936224139
-272.36813096261585
-272.3682366559541
-272.36669392091494
-272.3648669273971
-272.36444604570136
-272.3657148096483
-272.36745520672144
-272.3681927603763
-272.36827247624603
-272.3681024219518
-272.3675111870239
-272.3665835097694
-272.3659923428797
-272.3664289541144
-272.367164668415
-272.3673424385444
-272.36709574074905
-272.36675486461706
-272.3665785227914
-272.3670242258383
-272.36770349455196
-272.367254480606
-272.3658876470749
-272.36547405259466
-272.3666806279428
-272.3689023040174
-272.3697464099186
-272.36690999580196
-272.36570825439327
-272.3676613696798
-272.3682032061319
-272.36699603668035
-272.3662929806844
-272.36672203633833
-272.3665377621686
-272.3656100414377
-272.3650058329829
-272.3659931470566
-272.36849608302776
-272.3703590520474
-272.3692677866539
-272.3652947101644
-272.36484433574503
-272.3682183422722
-272.36955305144727
-272.36816116462336
-272.36726736916137
-272.36588507606376
-272.36521934203637
-272.36606978084905
-272.3671690548232
-272.36823015559594
-272.36847239842245
-272.36790074865365
-272.3669666129774
-272.36641096501114
-272.3668591671951
-272.3676317507003
-272.3671663239613
-272.3655041788254
-272.3648816469799
-272.36594967048677
-272.36755540093
-272.36842288485394
-272.36798995804145
-272.3670102262684
-272.3675051278532
-272.36804778150423
-272.36652222705624
-272.3657778950407
-272.36598331054256
-272.3656390988676
-272.366620826591
-272.3685101945692
-272.36857937138245
-272.3663435564028
-272.36446150250435
-272.3643452331197
-272.3653688626932
-272.36676647384184
-272.3680549414795
-272.36910074988646
-272.3686051687928
-272.3663188523512
-272.3644660325509
-272.36467823294174
-272.36572921170443
-272.3659638034195
-272.36616079943144
-272.3664557259482
-272.3658772898851
-272.3647602206586
-272.36468311343623
-272.3663289212596
-272.3680975702235
-272.36839981923043
-272.3671297829112
-272.36584442946105
-272.3655231848444
-272.3661835714724
-272.3668516543452
-272.3664971647647
-272.3646959761331
-272.3639460474426
-272.36596658685033
-272.36850711539955
-272.36962890178563
-272.36868014740395
-272.3665265982751
-272.3651381746393
-272.36559831990473
-272.36681748020385
-272.3679306312409
-272.368708424506
-272.3685494061903
-272.36716651915276
-272.365495850634
-272.3653421734829
-272.3657844552722
-272.3651440276512
-272.36627374918146
-272.3675785688936
-272.36805175092155
-272.36878275049173
-272.36887163284956
-272.36763405809154
-272.36625200877455
-272.36717337483196
-272.36952283240385
-272.3687730965242
-272.3650500539141
-272.36259828100407
-272.364016536813
-272.36660324764
-272.36803809752587
-272.3682225467764
-272.3672276376294
-272.3658297958118
-272.3655079931085
-272.36650685392203
-272.3678761503707
-272.36837784335694
-272.3678411829777
-272.36645960477557
-272.36513993814657
-272.3654357247081
-272.3663964088568
-272.36587256804296
-272.3659683010015
-272.3670807008158
-272.36947648392874
-272.3705605988878
-272.36900317115277
-272.3669723561528
-272.3661723263579
-272.3656705931817
-272.3654168096388
-272.3651876213784
-272.36513809572546
-272.3667244996961
-272.3673896304032
-272.3668756563354
-272.36676516577694
-272.36743166361805
-272.3676436748857
-272.3671447016694
-272.3663102928732
-272.3652565344706
-272.3642714817359
-272.36479456347246
-272.3668579775674
-272.3680635397504
-272.3671313784173
-272.3642263171668
-272.36522087377455
-272.368623528738
-272.3679325323478
-272.3656660721267
-272.36466959062386
-272.3662816028526
-272.3685287842975
-272.3687891734577
-272.36784043981015
-272.36707905008706
-272.3664734304049
-272.364796738086
-272.3643842312332
-272.36698550029485
-272.369573749225
-272.36901051723
-272.36682347211695
-272.3673311755704
-272.36668006683766
-272.36467492678196
-272.3647997939954
-272.3667110200187
-272.3689495308395
-272.3707073378235
-272.3695600701655
-272.3647938645594
-272.36262064206835
-272.36594697777366
-272.368974918876
-272.36943568533746
-272.36923326415973
-272.36939926752075
-272.36807171982196
-272.36593654557225
-272.36623167532406
-272.3677533948239
-272.367785367336
-272.3674008850894
-272.3675750331559
-272.3676449286432
-272.36790806545366
-272.36795174417415
-272.36748592457286
-272.36657195082455
-272.3659495071205
-272.36583351923196
-272.36644150085215
-272.3672360990028
-272.3672922994047
-272.3670309598261
-272.3670910401079
-272.3664214580729
-272.36466340163344
-272.3637762587449
-272.3657903451842
-272.369173815866
-272.37038339968177
-272.36878180713836
-272.36681383999513
-272.366739497948
-272.36641159285927
-272.36470981546086
-272.36487904364054
-272.36673733817844
-272.3673018599824
-272.36667529318714
-272.3666174266837
-272.3671372316694
-272.36748451665545
-272.36772339608524
-272.3675938522387
-272.36717056027925
-272.3667662238165
-272.3667173120662
-272.36735526460126
-272.3669925245221
-272.36527834463436
-272.36509683722437
-272.3670754413064
-272.36881862567645
-272.3690516626348
-272.36838038881405
-272.3676751799687
-272.36732473729745
-272.3666464152039
-272.3655010641053
-272.36607789613817
-272.3675161737301
-272.3679816854178
-272.3676731821078
-272.3668676893172
-272.3657021085844
-272.36490386287767
-272.3656609538073
-272.36718747936936
-272.367831496319
-272.36758389395317
-272.3674812522316
-272.36717654636067
-272.3662107100201
-272.36656406853524
-272.3682347665648
-272.3682130893208
-272.3670641232331
-272.36680154341457
-272.36684278313555
-272.3665697458891
-272.36636511142194
-272.36590609752
-272.3650913468385
-272.36494605971654
-272.365868947593
-272.36682993854896
-272.36733904554154
-272.3674796347724
-272.36700573316637
-272.3664093375128
-272.3659197545832
-272.36557748356
-272.36565806470156
-272.3659431614067
-272.36566461412167
-272.36598336251296
-272.3673300043438
-272.3682712642564
-272.36918372557284
-272.36916366311794
-272.3669245399255
-272.3656522403072
-272.3667975809956
-272.3678188520803
-272.36718817184203
-272.3653360865916
-272.3650441584352
-272.36766751077573
-272.369784086485
-272.3691028784383
-272.3667847686235
-272.36578204781125
-272.36676858951347
-272.3674823936978
-272.3679713413384
-272.36898322995853
-272.36881425929124
-272.3659620461305
-272.364564915829
-272.3660168385527
-272.3673753405028
-272.3672106999213
-272.36746590230536
-272.367941431324
-272.3680385272817
-272.3678484765178
-272.3668017261549
-272.36618258115567
-272.36652511531753
-272.366676589867
-272.36629401886313
-272.3659895794958
-272.3659115421892
-272.36524929172816
-272.36563368197585
-272.36727443513354
-272.36774913567416
-272.3675356832091
-272.36744599927516
-272.36765072094335
-272.3683417501983
-272.3684856008247
-272.36640031897747
-272.36365848006494
-272.364305243007
-272.3672889298102
-272.3686226398899
-272.36751657523797
-272.3667079787216
-272.3668699753496
-272.36651936457827
-272.366016817614
-272.36617456596895
-272.36625228939596
-272.3661436601566
-272.3668692327138
-272.3676085995154
-272.3667647679219
-272.3649007545967
-272.3643550146857
-272.36608031520393
-272.36773486341036
-272.36814382982107
-272.36645628472775
-272.364063399179
-272.3670788569473
-272.3689121242568
-272.36848450698125
-272.36754557809587
-272.36687782732514
-272.3668329038952
-272.3662522624104
-272.3655667008129
-272.3661354994226
-272.3689607436637
-272.36885201055424
-272.3667882483198
-272.3681378889161
-272.36901013484993
-272.36738863589346
-272.36607016547464
-272.3652589151547
-272.36507765882226
-272.3673730457289
-272.3688606245937
-272.3684489193303
-272.3675109898922
-272.36655637190466
-272.36552633319644
-272.3650608390064
-272.3658294525844
-272.36724720727284
-272.3681114001853
-272.36762492162853
-272.3668287660746
-272.36636177089457
-272.36480657683916
-272.36656118011564
-272.369725814275
-272.3689170577083
-272.3673632659559
-272.3655682001836
-272.3659746040795
-272.3685328280602
-272.3692148887818
-272.36776993887804
-272.3663158134118
-272.366655371011
-272.3681556371721
-272.36675480622984
-272.36330828324435
-272.36470920696433
-272.3683296945771
-272.3702921819253
-272.37033144414335
-272.3682691626652
-272.36556051271896
-272.36491393730597
-272.3656495931524
-272.3659342028495
-272.36637882576656
-272.3672143218356
-272.367525055171
-272.3676835176453
-272.3672229587601
-272.36642416414696
-272.36548243461
-272.36518340174104
-272.3661877150848
-272.3670473931626
-272.36674008558373
-272.3660646970268
-272.3662819665035
-272.36665450093744
-272.3661367186851
-272.36525283390966
-272.36513732333924
-272.3657826043152
-272.36665083256753
-272.3675917765485
-272.36808704259636
-272.3676697293072
-272.3661993347649
-272.364838703196
-272.36509390215883
-272.3664718423855
-272.36651372075823
-272.365164649051
-272.36609314942586
-272.3675589604627
-272.36701025882826
-272.3658580520967
-272.3660877176898
-272.3670532159659
-272.3668385312558
-272.3659264166217
-272.36626443742495
-272.3668706911391
-272.367193415621
-272.3676389381427
-272.36756686439855
-272.3661679179806
-272.3652613499409
-272.365883897896
-272.366351768124
-272.3668682617867
-272.3678624498797
-272.3685910226754
-272.3681626981949
-272.3672278005222
-272.36641575571275
-272.3664148532732
-272.36691718958673
-272.36718787249174
-272.36688861891406
-272.36765614494425
-272.3688828054209
-272.36763621001984
-272.365242691317
-272.36566653679034
-272.3682531458892
-272.36858264308006
-272.36660651602307
-272.36654354679206
-272.3690799984558
-272.37000717458403
-272.36861810554046
-272.36725138679526
-272.36743023329217
-272.36696923667216
-272.3658511902812
-272.3659788963591
-272.36634656093827
-272.3670201817562
-272.3681707018774
-272.3684869648644
-272.36777367291904
-272.36714460858155
-272.36687583454926
-272.36680384675225
-272.3674898267417
-272.36757505466926
-272.3664029389017
-272.36562734879317
-272.3661970865603
-272.36674526458944
-272.36665564769174
-272.3668502712089
-272.3674212359533
-272.3673954960019
-272.3665591733903
-272.3658897830726
-272.36612781529533
-272.3662501679743
-272.36617467008836
-272.36661418949564
-272.3676487267328
-272.3687927226444
-272.36838538087346
-272.3656798891559
-272.3636621015722
-272.3645599106799
-272.3663480341928
-272.3673597554132
-272.3676251634108
-272.36670310240373
-272.36550177889546
-272.36577267396694
-272.3665117538258
-272.3673467725637
-272.367887207138
-272.36710469164393
-272.3661023538363
-272.3664422085282
-272.36740126539195
-272.3675046822409
-272.3665365616947
-272.3658249635499
-272.3663788494798
-272.3685501989384
-272.370242097422
-272.36898647684404
-272.3656187039173
-272.3646160222089
-272.36640638808416
-272.36769489275855
-272.36800743750524
-272.3675869437542
-272.36718473693793
-272.36814563085034
-272.3684356700171
-272.3670548268945
-272.36594042754655
-272.3664092604721
-272.36737019026987
-272.3666271027307
-272.3650418802407
-272.36563038146204
-272.3679155974685
-272.3690232496285
-272.3688026704127
-272.36831494494436
-272.36700179808633
-272.36514992625246
-272.36507141049
-272.3670623142325
-272.36830216388154
-272.36784944293515
-272.36746494228254
-272.36763676952654
-272.36763450214164
-272.3664524786795
-272.366040244146
-272.3672559011975
-272.3671186306547
-272.36663592703593
-272.366264662251
-272.36583912962595
-272.3667400353573
-272.36829117063127
-272.36750112062896
-272.3653309535561
-272.3651273147519
-272.36605316742185
-272.36645952103635
-272.36686710640066
-272.36738732125235
-272.367569547026
-272.3670162568368
-272.3662711923925
-272.3658994549336
-272.36562689787274
-272.367190137622
-272.36946063828657
-272.36796032887526
-272.36495045554875
-272.36495521437905
-272.3669062332576
-272.3689154148281
-272.36971370131306
-272.36859153027893
-272.36690435020364
-272.3663475737722
-272.36643023868163
-272.36818197361174
-272.3682260678441
-272.3666072016644
-272.367778365088
-272.3693175735894
-272.3689860676047
-272.36700015684977
-272.36478490627246
-272.3642215007986
-272.36525293379344
-272.366206456538
-272.3672527014168
-272.36884676579615
-272.36923257978157
-272.367414884529
-272.3651179132064
-272.3643259918384
-272.3650493779333
-272.3662462410846
-272.36711629571084
-272.36778509973817
-272.36839212725533
-272.36844794329863
-272.36672291917756
-272.36417499392405
-272.3656161592825
-272.36782949324663
-272.3662527059761
-272.3658353310747
-272.36745800784666
-272.368143028431
-272.3675890335853
-272.36672115214736
-272.3659001452832
-272.3645519767932
-272.36298072399273
-272.36310101433935
-272.3654807092182
-272.3676718018839
-272.3681013055159
-272.3675479770057
-272.367213293398
-272.3673578039291
-272.3667829535989
-272.3636535566926
-272.36131678111366
-272.3649120503448
-272.36854457011503
-272.36919058075495
-272.367258276729
-272.36469072482026
-272.36623051529295
-272.3690692845504
-272.3689599493165
-272.36712510113637
-272.36583912977557
-272.364617284885
-272.36435735076924
-272.36664700048107
-272.3684221125137
-272.3672429963116
-272.36592570649714
-272.3670366071515
-272.3681020528582
-272.36801447014886
-272.3681108453764
-272.3684260628381
-272.3678105543704
-272.3662845903128
-272.36482278638726
-272.36421521356795
-272.36594117373454
-272.3686821205359
-272.36894212987914
-272.3673555644688
-272.3665820302284
-272.3664914628717
-272.36644390785926
-272.3664875329792
-272.3666101171073
-272.3666113620472
-272.36630714752084
-272.3653343608085
-272.36442103093697
-272.36467961333415
-272.36591685860225
-272.36731660258965
-272.3685095619981
-272.36843259307733
-272.36676590181804
-272.365204298196
-272.3649133263668
-272.36570800389705
-272.36703361110244
-272.3681645169934
-272.3679033365
-272.3659433716009
-272.36394619309806
-272.3640537355145
-272.36540690035764
-272.3663411167594
-272.36625269173953
-272.365700754196
-272.36568855854574
-272.36636253710367
-272.36717143353
-272.36766425545835
-272.3674085955491
-272.36731611496606
-272.3679867628653
-272.36758120632686
-272.3660059169825
-272.3659190319454
-272.36711314105537
-272.3670806552001
-272.36645536262915
-272.3670902346854
-272.36619544435797
-272.3653305951652
-272.3674630879249
-272.3694553991135
-272.3688166459161
-272.36662890227797
-272.3659941682078
-272.36643571783225
-272.3652152328672
-272.3656460511791
-272.3677002610609
-272.3684086830747
-272.3677448275145
-272.3666083716404
-272.3659505010824
-272.3655069344178
-272.36553768456656
-272.3660413037598
-272.3670762493981
-272.36843911497624
-272.36830094818896
-272.36622306492796
-272.36441043854376
-272.36420353881715
-272.36496336455247
-272.366096213656
-272.3669599506699
-272.36694323065325
-272.3666337310084
-272.3662003317662
-272.3653329852359
-272.36444909679517
-272.36448069912177
-272.3653073160732
-272.36593157482133
-272.3659498558947
-272.36634723432394
-272.3672732190719
-272.36762194586566
-272.3670899073369
-272.3660143467284
-272.36526750186005
-272.36486985735826
-272.36558758004423
-272.36780124765164
-272.3686763302574
-272.36861727083834
-272.3676253708257
-272.3645187674435
-272.3634341242586
-272.3658935056212
-272.36795604957337
-272.36878874059914
-272.3689568880354
-272.36755400480166
-272.3654163375839
-272.36483924903956
-272.36618418590996
-272.36790603955853
-272.3680523388568
-272.36803227536285
-272.3687949520219
-272.36818825286343
-272.3668749808422
-272.3652140566676
-272.3641526315024
-272.36454665422696
-272.36563572445135
-272.36705062307834
-272.36747466998867
-272.366568208333
-272.36617139919844
-272.3666866711997
-272.36683802139714
-272.36687725922076
-272.36734252458666
-272.3683237780539
-272.3688423862342
-272.36740843593384
-272.3647292901166
-272.3647935071071
-272.3679736899929
-272.3693830135027
-272.36820753718433
-272.3681236139631
-272.36713347249184
-272.36500149446226
-272.36515090891623
-272.36755548274
-272.3688519130697
-272.367616603069
-272.3674081444586
-272.3683532039447
-272.3681784961402
-272.3662114732643
-272.36493483005137
-272.36742833357306
-272.3693969420282
-272.3691408211369
-272.36750395087665
-272.3658242713946
-272.36568048789945
